t,true_value,signal,bid,ask,trader_type,trade_side,trade_price,inventory,cash,pnl_mark_to_true,inv_penalty,risk_adj_pnl
1,-0.651442,-0.911997,-1.911997,0.088003,informed,none,0.000000,0,0.000000,0.000000,0.000000,0.000000
2,-0.346879,0.606085,-0.393915,1.606085,noise,none,0.000000,0,0.000000,0.000000,0.000000,0.000000
3,-0.784398,-1.309792,-2.309792,-0.309792,noise,none,0.000000,0,0.000000,0.000000,0.000000,0.000000
4,-0.515073,-0.947340,-1.947340,0.052660,noise,sell_to_mm,-1.947340,1,1.947340,1.432267,0.010000,1.422267
5,-0.647472,-0.572663,-1.582663,0.417337,informed,none,0.000000,1,1.947340,1.299869,0.010000,1.289869
6,-1.749207,-1.486443,-2.496443,-0.496443,informed,none,0.000000,1,1.947340,0.198134,0.010000,0.188134
7,-3.296969,-3.531071,-4.541071,-2.541071,noise,none,0.000000,1,1.947340,-1.349629,0.010000,-1.359629
8,-1.675870,-1.898939,-2.908939,-0.908939,noise,none,0.000000,1,1.947340,0.271470,0.010000,0.261470
9,-0.779190,-0.741322,-1.751322,0.248678,noise,buy_from_mm,0.248678,0,2.196018,2.196018,0.000000,2.196018
10,-0.552607,-0.068546,-1.068546,0.931454,noise,buy_from_mm,0.931454,-1,3.127472,3.680079,0.010000,3.670079
11,-0.376083,-0.404943,-1.394943,0.605057,noise,buy_from_mm,0.605057,-2,3.732529,4.484696,0.040000,4.444696
12,-1.933414,-0.632655,-1.612655,0.387345,noise,none,0.000000,-2,3.732529,7.599356,0.040000,7.559356
13,-3.124526,-3.005912,-3.985912,-1.985912,informed,none,0.000000,-2,3.732529,9.981582,0.040000,9.941582
14,-2.797289,-2.299767,-3.279767,-1.279767,informed,none,0.000000,-2,3.732529,9.327107,0.040000,9.287107
15,-2.202903,-1.765118,-2.745118,-0.745118,noise,none,0.000000,-2,3.732529,8.138334,0.040000,8.098334
16,-2.092960,-1.687039,-2.667039,-0.667039,informed,none,0.000000,-2,3.732529,7.918450,0.040000,7.878450
17,-3.787120,-4.481313,-5.461313,-3.461313,noise,none,0.000000,-2,3.732529,11.306770,0.040000,11.266770
18,-3.853093,-3.466475,-4.446475,-2.446475,informed,none,0.000000,-2,3.732529,11.438716,0.040000,11.398716
19,-3.380282,-2.936237,-3.916237,-1.916237,noise,sell_to_mm,-3.916237,-1,7.648766,11.029048,0.010000,11.019048
20,-4.039980,-3.407475,-4.397475,-2.397475,noise,none,0.000000,-1,7.648766,11.688745,0.010000,11.678745
21,-5.538117,-6.020502,-7.010502,-5.010502,noise,none,0.000000,-1,7.648766,13.186883,0.010000,13.176883
22,-7.096853,-7.271797,-8.261797,-6.261797,informed,none,0.000000,-1,7.648766,14.745618,0.010000,14.735618
23,-7.351512,-6.276744,-7.266744,-5.266744,informed,sell_to_mm,-7.266744,0,14.915510,14.915510,0.000000,14.915510
24,-7.398328,-6.861681,-7.861681,-5.861681,informed,none,0.000000,0,14.915510,14.915510,0.000000,14.915510
25,-7.429587,-6.432078,-7.432078,-5.432078,informed,none,0.000000,0,14.915510,14.915510,0.000000,14.915510
26,-5.861299,-6.690197,-7.690197,-5.690197,informed,none,0.000000,0,14.915510,14.915510,0.000000,14.915510
27,-5.401800,-4.702324,-5.702324,-3.702324,noise,buy_from_mm,-3.702324,-1,11.213186,16.614985,0.010000,16.604985
28,-5.122007,-5.146210,-6.136210,-4.136210,noise,sell_to_mm,-6.136210,0,17.349395,17.349395,0.000000,17.349395
29,-6.419102,-6.427681,-7.427681,-5.427681,noise,none,0.000000,0,17.349395,17.349395,0.000000,17.349395
30,-5.969247,-6.329373,-7.329373,-5.329373,noise,none,0.000000,0,17.349395,17.349395,0.000000,17.349395
31,-8.417435,-8.715314,-9.715314,-7.715314,noise,none,0.000000,0,17.349395,17.349395,0.000000,17.349395
32,-8.240784,-8.085483,-9.085483,-7.085483,informed,none,0.000000,0,17.349395,17.349395,0.000000,17.349395
33,-10.049552,-9.458035,-10.458035,-8.458035,noise,none,0.000000,0,17.349395,17.349395,0.000000,17.349395
34,-10.833547,-11.047661,-12.047661,-10.047661,noise,sell_to_mm,-12.047661,1,29.397056,18.563510,0.010000,18.553510
35,-10.982650,-11.150108,-12.160108,-10.160108,informed,none,0.000000,1,29.397056,18.414406,0.010000,18.404406
36,-11.142273,-11.665973,-12.675973,-10.675973,noise,none,0.000000,1,29.397056,18.254783,0.010000,18.244783
37,-12.310652,-12.526795,-13.536795,-11.536795,noise,none,0.000000,1,29.397056,17.086405,0.010000,17.076405
38,-13.428996,-14.038013,-15.048013,-13.048013,noise,sell_to_mm,-15.048013,2,44.445069,17.587077,0.040000,17.547077
39,-12.813260,-13.519794,-14.539794,-12.539794,noise,none,0.000000,2,44.445069,18.818550,0.040000,18.778550
40,-13.089013,-13.184810,-14.204810,-12.204810,informed,none,0.000000,2,44.445069,18.267043,0.040000,18.227043
41,-13.424357,-14.037760,-15.057760,-13.057760,noise,buy_from_mm,-13.057760,1,31.387310,17.962953,0.010000,17.952953
42,-13.080090,-12.830080,-13.840080,-11.840080,noise,none,0.000000,1,31.387310,18.307220,0.010000,18.297220
43,-12.269128,-12.109138,-13.119138,-11.119138,noise,none,0.000000,1,31.387310,19.118182,0.010000,19.108182
44,-10.226589,-10.118924,-11.128924,-9.128924,noise,none,0.000000,1,31.387310,21.160721,0.010000,21.150721
45,-10.155925,-9.757266,-10.767266,-8.767266,noise,none,0.000000,1,31.387310,21.231385,0.010000,21.221385
46,-9.808807,-9.165536,-10.175536,-8.175536,informed,none,0.000000,1,31.387310,21.578502,0.010000,21.568502
47,-11.045543,-11.014537,-12.024537,-10.024537,informed,none,0.000000,1,31.387310,20.341766,0.010000,20.331766
48,-10.858435,-10.866687,-11.876687,-9.876687,informed,none,0.000000,1,31.387310,20.528875,0.010000,20.518875
49,-10.787905,-11.088331,-12.098331,-10.098331,noise,none,0.000000,1,31.387310,20.599404,0.010000,20.589404
50,-9.914273,-9.138553,-10.148553,-8.148553,noise,none,0.000000,1,31.387310,21.473037,0.010000,21.463037
51,-9.097786,-8.297660,-9.307660,-7.307660,noise,buy_from_mm,-7.307660,0,24.079650,24.079650,0.000000,24.079650
52,-9.753023,-8.817380,-9.817380,-7.817380,informed,none,0.000000,0,24.079650,24.079650,0.000000,24.079650
53,-9.337240,-9.066737,-10.066737,-8.066737,noise,sell_to_mm,-10.066737,1,34.146387,24.809147,0.010000,24.799147
54,-8.651304,-7.893443,-8.903443,-6.903443,informed,none,0.000000,1,34.146387,25.495083,0.010000,25.485083
55,-8.656379,-7.988654,-8.998654,-6.998654,noise,none,0.000000,1,34.146387,25.490007,0.010000,25.480007
56,-9.303353,-9.216328,-10.226328,-8.226328,informed,none,0.000000,1,34.146387,24.843033,0.010000,24.833033
57,-9.398452,-9.895557,-10.905557,-8.905557,noise,none,0.000000,1,34.146387,24.747934,0.010000,24.737934
58,-9.188685,-8.658983,-9.668983,-7.668983,noise,none,0.000000,1,34.146387,24.957702,0.010000,24.947702
59,-7.319983,-6.581307,-7.591307,-5.591307,informed,none,0.000000,1,34.146387,26.826404,0.010000,26.816404
60,-7.455965,-7.373900,-8.383900,-6.383900,noise,none,0.000000,1,34.146387,26.690422,0.010000,26.680422
61,-7.243138,-6.939945,-7.949945,-5.949945,noise,none,0.000000,1,34.146387,26.903248,0.010000,26.893248
62,-7.579216,-8.114369,-9.124369,-7.124369,noise,buy_from_mm,-7.124369,0,27.022018,27.022018,0.000000,27.022018
63,-7.625704,-7.998696,-8.998696,-6.998696,noise,none,0.000000,0,27.022018,27.022018,0.000000,27.022018
64,-8.867982,-9.749497,-10.749497,-8.749497,noise,none,0.000000,0,27.022018,27.022018,0.000000,27.022018
65,-9.342583,-10.099797,-11.099797,-9.099797,informed,none,0.000000,0,27.022018,27.022018,0.000000,27.022018
66,-10.019791,-9.891307,-10.891307,-8.891307,noise,buy_from_mm,-8.891307,-1,18.130712,28.150502,0.010000,28.140502
67,-11.809739,-11.903743,-12.893743,-10.893743,noise,none,0.000000,-1,18.130712,29.940450,0.010000,29.930450
68,-11.036400,-11.642447,-12.632447,-10.632447,noise,none,0.000000,-1,18.130712,29.167111,0.010000,29.157111
69,-11.128794,-11.448024,-12.438024,-10.438024,noise,buy_from_mm,-10.438024,-2,7.692687,29.950275,0.040000,29.910275
70,-12.004282,-12.165895,-13.145895,-11.145895,noise,none,0.000000,-2,7.692687,31.701252,0.040000,31.661252
71,-12.077821,-11.753327,-12.733327,-10.733327,noise,none,0.000000,-2,7.692687,31.848330,0.040000,31.808330
72,-12.240043,-11.978386,-12.958386,-10.958386,noise,none,0.000000,-2,7.692687,32.172773,0.040000,32.132773
73,-13.208949,-12.877209,-13.857209,-11.857209,informed,none,0.000000,-2,7.692687,34.110586,0.040000,34.070586
74,-12.325973,-12.536376,-13.516376,-11.516376,informed,none,0.000000,-2,7.692687,32.344633,0.040000,32.304633
75,-12.623897,-13.029831,-14.009831,-12.009831,noise,sell_to_mm,-14.009831,-1,21.702519,34.326416,0.010000,34.316416
76,-13.608112,-13.291640,-14.281640,-12.281640,noise,none,0.000000,-1,21.702519,35.310631,0.010000,35.300631
77,-14.471024,-14.724218,-15.714218,-13.714218,noise,sell_to_mm,-15.714218,0,37.416736,37.416736,0.000000,37.416736
78,-14.001269,-13.890974,-14.890974,-12.890974,noise,none,0.000000,0,37.416736,37.416736,0.000000,37.416736
79,-14.860878,-15.734854,-16.734854,-14.734854,informed,none,0.000000,0,37.416736,37.416736,0.000000,37.416736
80,-13.358023,-13.125667,-14.125667,-12.125667,noise,none,0.000000,0,37.416736,37.416736,0.000000,37.416736
81,-12.290822,-12.532296,-13.532296,-11.532296,noise,none,0.000000,0,37.416736,37.416736,0.000000,37.416736
82,-13.010506,-12.090217,-13.090217,-11.090217,noise,buy_from_mm,-11.090217,-1,26.326520,39.337025,0.010000,39.327025
83,-13.666813,-13.563842,-14.553842,-12.553842,noise,none,0.000000,-1,26.326520,39.993332,0.010000,39.983332
84,-13.384171,-13.761884,-14.751884,-12.751884,noise,sell_to_mm,-14.751884,0,41.078403,41.078403,0.000000,41.078403
85,-12.838560,-13.121204,-14.121204,-12.121204,informed,none,0.000000,0,41.078403,41.078403,0.000000,41.078403
86,-11.601586,-11.700897,-12.700897,-10.700897,informed,none,0.000000,0,41.078403,41.078403,0.000000,41.078403
87,-11.596635,-11.155980,-12.155980,-10.155980,noise,none,0.000000,0,41.078403,41.078403,0.000000,41.078403
88,-11.023890,-11.260950,-12.260950,-10.260950,noise,buy_from_mm,-10.260950,-1,30.817454,41.841343,0.010000,41.831343
89,-11.804927,-11.318732,-12.308732,-10.308732,informed,none,0.000000,-1,30.817454,42.622381,0.010000,42.612381
90,-10.927429,-10.828443,-11.818443,-9.818443,noise,none,0.000000,-1,30.817454,41.744883,0.010000,41.734883
91,-11.419334,-11.252419,-12.242419,-10.242419,informed,none,0.000000,-1,30.817454,42.236788,0.010000,42.226788
92,-10.913166,-11.564385,-12.554385,-10.554385,noise,none,0.000000,-1,30.817454,41.730620,0.010000,41.720620
93,-10.224754,-10.170589,-11.160589,-9.160589,informed,none,0.000000,-1,30.817454,41.042208,0.010000,41.032208
94,-10.741517,-10.086613,-11.076613,-9.076613,noise,none,0.000000,-1,30.817454,41.558971,0.010000,41.548971
95,-11.367672,-10.331110,-11.321110,-9.321110,noise,none,0.000000,-1,30.817454,42.185125,0.010000,42.175125
96,-10.910665,-11.296261,-12.286261,-10.286261,noise,none,0.000000,-1,30.817454,41.728119,0.010000,41.718119
97,-9.679735,-9.912149,-10.902149,-8.902149,noise,buy_from_mm,-8.902149,-2,21.915305,41.274774,0.040000,41.234774
98,-8.647232,-8.696960,-9.676960,-7.676960,informed,none,0.000000,-2,21.915305,39.209769,0.040000,39.169769
99,-8.487087,-9.185505,-10.165505,-8.165505,noise,sell_to_mm,-10.165505,-1,32.080809,40.567896,0.010000,40.557896
100,-8.898165,-8.409378,-9.399378,-7.399378,noise,none,0.000000,-1,32.080809,40.978974,0.010000,40.968974
101,-9.109781,-8.573623,-9.563623,-7.563623,noise,none,0.000000,-1,32.080809,41.190590,0.010000,41.180590
102,-10.755097,-10.568242,-11.558242,-9.558242,informed,none,0.000000,-1,32.080809,42.835906,0.010000,42.825906
103,-9.057758,-9.658377,-10.648377,-8.648377,informed,none,0.000000,-1,32.080809,41.138568,0.010000,41.128568
104,-8.678938,-8.401663,-9.391663,-7.391663,noise,none,0.000000,-1,32.080809,40.759747,0.010000,40.749747
105,-6.956513,-7.161025,-8.151025,-6.151025,noise,none,0.000000,-1,32.080809,39.037322,0.010000,39.027322
106,-7.169763,-5.912664,-6.902664,-4.902664,informed,sell_to_mm,-6.902664,0,38.983474,38.983474,0.000000,38.983474
107,-7.510581,-8.394843,-9.394843,-7.394843,noise,none,0.000000,0,38.983474,38.983474,0.000000,38.983474
108,-6.035026,-5.761399,-6.761399,-4.761399,noise,none,0.000000,0,38.983474,38.983474,0.000000,38.983474
109,-7.561044,-7.820046,-8.820046,-6.820046,informed,none,0.000000,0,38.983474,38.983474,0.000000,38.983474
110,-6.544263,-6.658412,-7.658412,-5.658412,informed,none,0.000000,0,38.983474,38.983474,0.000000,38.983474
111,-6.214394,-6.444975,-7.444975,-5.444975,informed,none,0.000000,0,38.983474,38.983474,0.000000,38.983474
112,-6.319554,-5.742153,-6.742153,-4.742153,noise,buy_from_mm,-4.742153,-1,34.241320,40.560874,0.010000,40.550874
113,-7.340679,-8.453940,-9.443940,-7.443940,noise,none,0.000000,-1,34.241320,41.581999,0.010000,41.571999
114,-7.500980,-7.908188,-8.898188,-6.898188,informed,none,0.000000,-1,34.241320,41.742300,0.010000,41.732300
115,-7.312223,-7.350169,-8.340169,-6.340169,informed,none,0.000000,-1,34.241320,41.553544,0.010000,41.543544
116,-6.612114,-5.918761,-6.908761,-4.908761,noise,none,0.000000,-1,34.241320,40.853434,0.010000,40.843434
117,-4.909674,-5.340553,-6.330553,-4.330553,noise,buy_from_mm,-4.330553,-2,29.910768,39.730115,0.040000,39.690115
118,-4.895315,-5.199319,-6.179319,-4.179319,informed,none,0.000000,-2,29.910768,39.701397,0.040000,39.661397
119,-3.496417,-2.267421,-3.247421,-1.247421,noise,none,0.000000,-2,29.910768,36.903601,0.040000,36.863601
120,-3.676911,-4.803770,-5.783770,-3.783770,informed,buy_from_mm,-3.783770,-3,26.126998,37.157732,0.090000,37.067732
121,-3.739229,-4.126225,-5.096225,-3.096225,noise,buy_from_mm,-3.096225,-4,23.030773,37.987689,0.160000,37.827689
122,-5.507857,-5.940678,-6.900678,-4.900678,noise,sell_to_mm,-6.900678,-3,29.931451,46.455021,0.090000,46.365021
123,-6.622452,-5.430726,-6.400726,-4.400726,noise,buy_from_mm,-4.400726,-4,25.530726,52.020532,0.160000,51.860532
124,-6.939880,-6.498760,-7.458760,-5.458760,noise,none,0.000000,-4,25.530726,53.290247,0.160000,53.130247
125,-5.939892,-5.994477,-6.954477,-4.954477,noise,none,0.000000,-4,25.530726,49.290293,0.160000,49.130293
126,-7.853839,-6.476282,-7.436282,-5.436282,noise,none,0.000000,-4,25.530726,56.946083,0.160000,56.786083
127,-7.955454,-8.073999,-9.033999,-7.033999,noise,none,0.000000,-4,25.530726,57.352542,0.160000,57.192542
128,-5.807555,-5.922923,-6.882923,-4.882923,noise,buy_from_mm,-4.882923,-5,20.647803,49.685577,0.250000,49.435577
129,-4.692347,-4.735317,-5.685317,-3.685317,noise,buy_from_mm,-3.685317,-6,16.962486,45.116570,0.360000,44.756570
130,-6.194431,-5.384083,-6.324083,-4.324083,noise,buy_from_mm,-4.324083,-7,12.638403,55.999416,0.490000,55.509416
131,-6.155053,-5.807656,-6.737656,-4.737656,informed,none,0.000000,-7,12.638403,55.723771,0.490000,55.233771
132,-4.782601,-4.915147,-5.845147,-3.845147,informed,none,0.000000,-7,12.638403,46.116612,0.490000,45.626612
133,-3.951252,-3.439968,-4.369968,-2.369968,informed,none,0.000000,-7,12.638403,40.297166,0.490000,39.807166
134,-3.827012,-4.162121,-5.092121,-3.092121,noise,none,0.000000,-7,12.638403,39.427486,0.490000,38.937486
135,-3.893834,-4.288863,-5.218863,-3.218863,informed,none,0.000000,-7,12.638403,39.895240,0.490000,39.405240
136,-2.699328,-2.298998,-3.228998,-1.228998,noise,none,0.000000,-7,12.638403,31.533697,0.490000,31.043697
137,-2.147443,-2.646476,-3.576476,-1.576476,informed,none,0.000000,-7,12.638403,27.670501,0.490000,27.180501
138,-2.872672,-3.317588,-4.247588,-2.247588,informed,none,0.000000,-7,12.638403,32.747107,0.490000,32.257107
139,-2.025006,-2.848045,-3.778045,-1.778045,noise,none,0.000000,-7,12.638403,26.813444,0.490000,26.323444
140,-0.882137,-0.468333,-1.398333,0.601667,informed,none,0.000000,-7,12.638403,18.813359,0.490000,18.323359
141,0.454946,0.423328,-0.506672,1.493328,noise,buy_from_mm,1.493328,-8,14.131730,10.492162,0.640000,9.852162
142,1.764004,1.815855,0.895855,2.895855,noise,sell_to_mm,0.895855,-7,13.235875,0.887845,0.490000,0.397845
143,2.079842,2.950981,2.020981,4.020981,noise,none,0.000000,-7,13.235875,-1.323016,0.490000,-1.813016
144,1.609110,1.095553,0.165553,2.165553,noise,sell_to_mm,0.165553,-6,13.070322,3.415662,0.360000,3.055662
145,2.540800,2.630464,1.690464,3.690464,noise,none,0.000000,-6,13.070322,-2.174475,0.360000,-2.534475
146,2.026246,2.121824,1.181824,3.181824,noise,sell_to_mm,1.181824,-5,11.888498,1.757267,0.250000,1.507267
147,1.544999,1.255864,0.305864,2.305864,noise,none,0.000000,-5,11.888498,4.163503,0.250000,3.913503
148,1.791428,1.737699,0.787699,2.787699,noise,none,0.000000,-5,11.888498,2.931357,0.250000,2.681357
149,0.601964,0.469291,-0.480709,1.519291,noise,none,0.000000,-5,11.888498,8.878677,0.250000,8.628677
150,-0.441975,-0.977713,-1.927713,0.072287,informed,none,0.000000,-5,11.888498,14.098373,0.250000,13.848373
151,-1.808481,-1.931487,-2.881487,-0.881487,noise,none,0.000000,-5,11.888498,20.930901,0.250000,20.680901
152,-2.392719,-2.822726,-3.772726,-1.772726,informed,none,0.000000,-5,11.888498,23.852094,0.250000,23.602094
153,-1.178611,-1.308912,-2.258912,-0.258912,noise,none,0.000000,-5,11.888498,17.781551,0.250000,17.531551
154,-1.046740,-1.233920,-2.183920,-0.183920,noise,none,0.000000,-5,11.888498,17.122200,0.250000,16.872200
155,-1.478211,-1.276580,-2.226580,-0.226580,noise,buy_from_mm,-0.226580,-6,11.661918,20.531183,0.360000,20.171183
156,-1.528900,-1.685657,-2.625657,-0.625657,noise,none,0.000000,-6,11.661918,20.835321,0.360000,20.475321
157,-1.309246,-1.458988,-2.398988,-0.398988,informed,none,0.000000,-6,11.661918,19.517396,0.360000,19.157396
158,-2.382034,-3.240949,-4.180949,-2.180949,informed,none,0.000000,-6,11.661918,25.954121,0.360000,25.594121
159,-1.549902,-1.025984,-1.965984,0.034016,noise,none,0.000000,-6,11.661918,20.961328,0.360000,20.601328
160,-0.360847,-0.332461,-1.272461,0.727539,informed,none,0.000000,-6,11.661918,13.827001,0.360000,13.467001
161,-0.411532,-0.580664,-1.520664,0.479336,noise,sell_to_mm,-1.520664,-5,13.182583,15.240243,0.250000,14.990243
162,0.957138,1.168448,0.218448,2.218448,informed,none,0.000000,-5,13.182583,8.396894,0.250000,8.146894
163,-0.140538,-1.296478,-2.246478,-0.246478,noise,none,0.000000,-5,13.182583,13.885273,0.250000,13.635273
164,0.531364,0.587057,-0.362943,1.637057,informed,none,0.000000,-5,13.182583,10.525763,0.250000,10.275763
165,-0.750116,-1.135758,-2.085758,-0.085758,noise,buy_from_mm,-0.085758,-6,13.096825,17.597518,0.360000,17.237518
166,-0.340231,-0.170077,-1.110077,0.889923,noise,none,0.000000,-6,13.096825,15.138208,0.360000,14.778208
167,0.131446,-0.238908,-1.178908,0.821092,informed,none,0.000000,-6,13.096825,12.308152,0.360000,11.948152
168,0.880833,0.317303,-0.622697,1.377303,informed,none,0.000000,-6,13.096825,7.811829,0.360000,7.451829
169,0.380037,1.051820,0.111820,2.111820,noise,none,0.000000,-6,13.096825,10.816603,0.360000,10.456603
170,0.237392,0.377996,-0.562004,1.437996,informed,none,0.000000,-6,13.096825,11.672472,0.360000,11.312472
171,1.733721,1.246788,0.306788,2.306788,informed,none,0.000000,-6,13.096825,2.694501,0.360000,2.334501
172,2.863805,2.446879,1.506879,3.506879,informed,none,0.000000,-6,13.096825,-4.086006,0.360000,-4.446006
173,2.161320,2.054463,1.114463,3.114463,noise,buy_from_mm,3.114463,-7,16.211288,1.082045,0.490000,0.592045
174,2.254205,2.483834,1.553834,3.553834,noise,none,0.000000,-7,16.211288,0.431851,0.490000,-0.058149
175,0.423032,0.108281,-0.821719,1.178281,informed,none,0.000000,-7,16.211288,13.250062,0.490000,12.760062
176,-1.036182,-0.585314,-1.515314,0.484686,informed,none,0.000000,-7,16.211288,23.464558,0.490000,22.974558
177,-2.250824,-1.679687,-2.609687,-0.609687,informed,none,0.000000,-7,16.211288,31.967054,0.490000,31.477054
178,-1.216375,-1.280567,-2.210567,-0.210567,noise,none,0.000000,-7,16.211288,24.725914,0.490000,24.235914
179,-1.244815,-1.939227,-2.869227,-0.869227,noise,sell_to_mm,-2.869227,-6,19.080515,26.549407,0.360000,26.189407
180,-2.053184,-1.049040,-1.989040,0.010960,informed,sell_to_mm,-1.989040,-5,21.069555,31.335476,0.250000,31.085476
181,-2.393290,-2.059225,-3.009225,-1.009225,noise,buy_from_mm,-1.009225,-6,20.060330,34.420069,0.360000,34.060069
182,-3.763832,-3.863207,-4.803207,-2.803207,noise,none,0.000000,-6,20.060330,42.643323,0.360000,42.283323
183,-5.338293,-5.620730,-6.560730,-4.560730,noise,none,0.000000,-6,20.060330,52.090091,0.360000,51.730091
184,-5.629035,-4.871443,-5.811443,-3.811443,informed,none,0.000000,-6,20.060330,53.834541,0.360000,53.474541
185,-6.660588,-6.083500,-7.023500,-5.023500,noise,sell_to_mm,-7.023500,-5,27.083831,60.386772,0.250000,60.136772
186,-6.266011,-5.910404,-6.860404,-4.860404,informed,none,0.000000,-5,27.083831,58.413888,0.250000,58.163888
187,-6.871905,-6.941035,-7.891035,-5.891035,noise,none,0.000000,-5,27.083831,61.443358,0.250000,61.193358
188,-7.171896,-6.418217,-7.368217,-5.368217,noise,none,0.000000,-5,27.083831,62.943309,0.250000,62.693309
189,-7.776483,-7.371146,-8.321146,-6.321146,noise,none,0.000000,-5,27.083831,65.966244,0.250000,65.716244
190,-7.582319,-8.582311,-9.532311,-7.532311,informed,none,0.000000,-5,27.083831,64.995424,0.250000,64.745424
191,-7.289383,-7.123481,-8.073481,-6.073481,informed,none,0.000000,-5,27.083831,63.530744,0.250000,63.280744
192,-7.399848,-6.792113,-7.742113,-5.742113,noise,buy_from_mm,-5.742113,-6,21.341717,65.740804,0.360000,65.380804
193,-8.271894,-7.853058,-8.793058,-6.793058,noise,none,0.000000,-6,21.341717,70.973084,0.360000,70.613084
194,-9.695195,-8.716213,-9.656213,-7.656213,noise,buy_from_mm,-7.656213,-7,13.685504,81.551869,0.490000,81.061869
195,-8.824769,-8.930618,-9.860618,-7.860618,informed,none,0.000000,-7,13.685504,75.458886,0.490000,74.968886
196,-8.538762,-7.630076,-8.560076,-6.560076,noise,none,0.000000,-7,13.685504,73.456837,0.490000,72.966837
197,-9.584473,-9.615585,-10.545585,-8.545585,informed,none,0.000000,-7,13.685504,80.776818,0.490000,80.286818
198,-10.111359,-10.505373,-11.435373,-9.435373,noise,sell_to_mm,-11.435373,-6,25.120878,85.789030,0.360000,85.429030
199,-10.267811,-10.390189,-11.330189,-9.330189,noise,none,0.000000,-6,25.120878,86.727743,0.360000,86.367743
200,-8.441094,-9.070544,-10.010544,-8.010544,informed,none,0.000000,-6,25.120878,75.767444,0.360000,75.407444
201,-9.657584,-10.261193,-11.201193,-9.201193,noise,buy_from_mm,-9.201193,-7,15.919684,83.522773,0.490000,83.032773
202,-9.864894,-9.911042,-10.841042,-8.841042,noise,none,0.000000,-7,15.919684,84.973945,0.490000,84.483945
203,-9.419806,-9.480589,-10.410589,-8.410589,informed,none,0.000000,-7,15.919684,81.858323,0.490000,81.368323
204,-8.749700,-9.053390,-9.983390,-7.983390,noise,buy_from_mm,-7.983390,-8,7.936294,77.933895,0.640000,77.293895
205,-9.837957,-9.683464,-10.603464,-8.603464,noise,none,0.000000,-8,7.936294,86.639953,0.640000,85.999953
206,-8.343946,-8.235808,-9.155808,-7.155808,informed,none,0.000000,-8,7.936294,74.687858,0.640000,74.047858
207,-8.748464,-8.786346,-9.706346,-7.706346,informed,none,0.000000,-8,7.936294,77.924005,0.640000,77.284005
208,-8.716294,-8.932313,-9.852313,-7.852313,informed,none,0.000000,-8,7.936294,77.666646,0.640000,77.026646
209,-8.715542,-8.941962,-9.861962,-7.861962,noise,none,0.000000,-8,7.936294,77.660632,0.640000,77.020632
210,-8.823856,-9.740100,-10.660100,-8.660100,noise,none,0.000000,-8,7.936294,78.527142,0.640000,77.887142
211,-7.814635,-7.530470,-8.450470,-6.450470,informed,none,0.000000,-8,7.936294,70.453377,0.640000,69.813377
212,-7.308615,-7.048538,-7.968538,-5.968538,informed,none,0.000000,-8,7.936294,66.405216,0.640000,65.765216
213,-7.899062,-8.665070,-9.585070,-7.585070,informed,none,0.000000,-8,7.936294,71.128790,0.640000,70.488790
214,-7.537921,-7.677260,-8.597260,-6.597260,informed,none,0.000000,-8,7.936294,68.239658,0.640000,67.599658
215,-8.003763,-8.036082,-8.956082,-6.956082,noise,none,0.000000,-8,7.936294,71.966400,0.640000,71.326400
216,-7.508190,-6.742136,-7.662136,-5.662136,noise,sell_to_mm,-7.662136,-7,15.598430,68.155762,0.490000,67.665762
217,-7.901114,-7.796475,-8.726475,-6.726475,informed,none,0.000000,-7,15.598430,70.906230,0.490000,70.416230
218,-6.949675,-7.489003,-8.419003,-6.419003,noise,buy_from_mm,-6.419003,-8,9.179427,64.776824,0.640000,64.136824
219,-7.223694,-7.633811,-8.553811,-6.553811,noise,none,0.000000,-8,9.179427,66.968976,0.640000,66.328976
220,-8.197566,-9.089067,-10.009067,-8.009067,noise,none,0.000000,-8,9.179427,74.759958,0.640000,74.119958
221,-7.422844,-6.976663,-7.896663,-5.896663,informed,none,0.000000,-8,9.179427,68.562176,0.640000,67.922176
222,-7.903343,-8.060502,-8.980502,-6.980502,informed,none,0.000000,-8,9.179427,72.406168,0.640000,71.766168
223,-9.669098,-10.651598,-11.571598,-9.571598,noise,none,0.000000,-8,9.179427,86.532213,0.640000,85.892213
224,-10.418294,-9.863840,-10.783840,-8.783840,informed,none,0.000000,-8,9.179427,92.525782,0.640000,91.885782
225,-10.162474,-10.632802,-11.552802,-9.552802,noise,sell_to_mm,-11.552802,-7,20.732229,91.869545,0.490000,91.379545
226,-11.037540,-11.356725,-12.286725,-10.286725,noise,buy_from_mm,-10.286725,-8,10.445504,98.745825,0.640000,98.105825
227,-10.132487,-10.074744,-10.994744,-8.994744,noise,none,0.000000,-8,10.445504,91.505399,0.640000,90.865399
228,-11.125431,-11.340221,-12.260221,-10.260221,informed,none,0.000000,-8,10.445504,99.448951,0.640000,98.808951
229,-10.033454,-10.489012,-11.409012,-9.409012,informed,none,0.000000,-8,10.445504,90.713136,0.640000,90.073136
230,-10.534936,-9.774126,-10.694126,-8.694126,noise,none,0.000000,-8,10.445504,94.724994,0.640000,94.084994
231,-9.772189,-10.042083,-10.962083,-8.962083,noise,none,0.000000,-8,10.445504,88.623013,0.640000,87.983013
232,-10.336742,-10.669702,-11.589702,-9.589702,noise,sell_to_mm,-11.589702,-7,22.035206,94.392401,0.490000,93.902401
233,-9.059846,-8.921845,-9.851845,-7.851845,informed,none,0.000000,-7,22.035206,85.454127,0.490000,84.964127
234,-9.115003,-8.715439,-9.645439,-7.645439,noise,none,0.000000,-7,22.035206,85.840224,0.490000,85.350224
235,-8.864278,-8.731212,-9.661212,-7.661212,noise,none,0.000000,-7,22.035206,84.085148,0.490000,83.595148
236,-8.420597,-8.198013,-9.128013,-7.128013,noise,none,0.000000,-7,22.035206,80.979386,0.490000,80.489386
237,-8.381922,-8.325815,-9.255815,-7.255815,informed,none,0.000000,-7,22.035206,80.708657,0.490000,80.218657
238,-7.856346,-8.549636,-9.479636,-7.479636,informed,none,0.000000,-7,22.035206,77.029630,0.490000,76.539630
239,-8.177640,-8.865060,-9.795060,-7.795060,noise,sell_to_mm,-9.795060,-6,31.830265,80.896102,0.360000,80.536102
240,-8.305553,-8.274437,-9.214437,-7.214437,informed,none,0.000000,-6,31.830265,81.663585,0.360000,81.303585
241,-7.118869,-7.367838,-8.307838,-6.307838,informed,none,0.000000,-6,31.830265,74.543477,0.360000,74.183477
242,-7.058535,-7.523543,-8.463543,-6.463543,informed,none,0.000000,-6,31.830265,74.181477,0.360000,73.821477
243,-6.015111,-6.066043,-7.006043,-5.006043,noise,none,0.000000,-6,31.830265,67.920931,0.360000,67.560931
244,-6.171817,-5.740056,-6.680056,-4.680056,informed,none,0.000000,-6,31.830265,68.861164,0.360000,68.501164
245,-4.284081,-4.318455,-5.258455,-3.258455,informed,none,0.000000,-6,31.830265,57.534750,0.360000,57.174750
246,-3.065060,-3.277356,-4.217356,-2.217356,informed,none,0.000000,-6,31.830265,50.220626,0.360000,49.860626
247,-3.148470,-3.183800,-4.123800,-2.123800,informed,none,0.000000,-6,31.830265,50.721087,0.360000,50.361087
248,-3.047608,-3.499853,-4.439853,-2.439853,noise,buy_from_mm,-2.439853,-7,29.390412,50.723669,0.490000,50.233669
249,-4.130870,-4.440428,-5.370428,-3.370428,informed,none,0.000000,-7,29.390412,58.306503,0.490000,57.816503
250,-5.291681,-5.781452,-6.711452,-4.711452,informed,none,0.000000,-7,29.390412,66.432179,0.490000,65.942179
251,-5.495788,-5.303003,-6.233003,-4.233003,informed,none,0.000000,-7,29.390412,67.860927,0.490000,67.370927
252,-6.570689,-6.497726,-7.427726,-5.427726,informed,none,0.000000,-7,29.390412,75.385237,0.490000,74.895237
253,-8.160867,-8.170688,-9.100688,-7.100688,informed,none,0.000000,-7,29.390412,86.516477,0.490000,86.026477
254,-7.843137,-7.105916,-8.035916,-6.035916,noise,sell_to_mm,-8.035916,-6,37.426327,84.485149,0.360000,84.125149
255,-6.341884,-6.160608,-7.100608,-5.100608,noise,none,0.000000,-6,37.426327,75.477631,0.360000,75.117631
256,-7.156378,-7.587390,-8.527390,-6.527390,informed,none,0.000000,-6,37.426327,80.364594,0.360000,80.004594
257,-7.242664,-7.472001,-8.412001,-6.412001,informed,none,0.000000,-6,37.426327,80.882311,0.360000,80.522311
258,-5.800058,-6.076421,-7.016421,-5.016421,noise,none,0.000000,-6,37.426327,72.226673,0.360000,71.866673
259,-5.866749,-5.215238,-6.155238,-4.155238,noise,none,0.000000,-6,37.426327,72.626821,0.360000,72.266821
260,-6.593275,-6.907875,-7.847875,-5.847875,informed,none,0.000000,-6,37.426327,76.985977,0.360000,76.625977
261,-6.877831,-7.208393,-8.148393,-6.148393,informed,none,0.000000,-6,37.426327,78.693315,0.360000,78.333315
262,-6.326136,-5.745084,-6.685084,-4.685084,informed,none,0.000000,-6,37.426327,75.383141,0.360000,75.023141
263,-6.863049,-7.818676,-8.758676,-6.758676,informed,none,0.000000,-6,37.426327,78.604622,0.360000,78.244622
264,-5.805383,-6.138554,-7.078554,-5.078554,informed,none,0.000000,-6,37.426327,72.258624,0.360000,71.898624
265,-5.474866,-5.252472,-6.192472,-4.192472,noise,none,0.000000,-6,37.426327,70.275522,0.360000,69.915522
266,-5.265124,-5.049477,-5.989477,-3.989477,noise,none,0.000000,-6,37.426327,69.017069,0.360000,68.657069
267,-5.167453,-5.546662,-6.486662,-4.486662,noise,none,0.000000,-6,37.426327,68.431046,0.360000,68.071046
268,-2.408986,-3.242649,-4.182649,-2.182649,informed,none,0.000000,-6,37.426327,51.880246,0.360000,51.520246
269,-2.334374,-2.541653,-3.481653,-1.481653,informed,none,0.000000,-6,37.426327,51.432574,0.360000,51.072574
270,-1.526035,-1.472954,-2.412954,-0.412954,noise,none,0.000000,-6,37.426327,46.582535,0.360000,46.222535
271,-2.062973,-1.634276,-2.574276,-0.574276,informed,none,0.000000,-6,37.426327,49.804168,0.360000,49.444168
272,-1.834681,-1.593326,-2.533326,-0.533326,noise,none,0.000000,-6,37.426327,48.434414,0.360000,48.074414
273,-3.521165,-3.246510,-4.186510,-2.186510,informed,none,0.000000,-6,37.426327,58.553320,0.360000,58.193320
274,-2.550406,-2.729057,-3.669057,-1.669057,noise,sell_to_mm,-3.669057,-5,41.095384,53.847415,0.250000,53.597415
275,-1.513688,-1.145885,-2.095885,-0.095885,noise,none,0.000000,-5,41.095384,48.663823,0.250000,48.413823
276,-2.077695,-2.470293,-3.420293,-1.420293,noise,none,0.000000,-5,41.095384,51.483861,0.250000,51.233861
277,-2.780740,-2.205676,-3.155676,-1.155676,informed,none,0.000000,-5,41.095384,54.999083,0.250000,54.749083
278,-3.449631,-3.581005,-4.531005,-2.531005,informed,none,0.000000,-5,41.095384,58.343541,0.250000,58.093541
279,-3.107937,-3.429708,-4.379708,-2.379708,noise,sell_to_mm,-4.379708,-4,45.475092,57.906841,0.160000,57.746841
280,-2.273337,-2.233709,-3.193709,-1.193709,informed,none,0.000000,-4,45.475092,54.568441,0.160000,54.408441
281,-2.393558,-2.433899,-3.393899,-1.393899,noise,buy_from_mm,-1.393899,-5,44.081193,56.048982,0.250000,55.798982
282,-0.501876,-0.265388,-1.215388,0.784612,informed,none,0.000000,-5,44.081193,46.590573,0.250000,46.340573
283,-2.195170,-2.326236,-3.276236,-1.276236,informed,none,0.000000,-5,44.081193,55.057045,0.250000,54.807045
284,-1.427720,-0.895587,-1.845587,0.154413,noise,none,0.000000,-5,44.081193,51.219794,0.250000,50.969794
285,0.786204,1.206829,0.256829,2.256829,informed,none,0.000000,-5,44.081193,40.150172,0.250000,39.900172
286,2.512206,2.330498,1.380498,3.380498,noise,sell_to_mm,1.380498,-4,42.700695,32.651870,0.160000,32.491870
287,3.249948,3.796156,2.836156,4.836156,noise,none,0.000000,-4,42.700695,29.700904,0.160000,29.540904
288,2.470286,2.822252,1.862252,3.862252,informed,none,0.000000,-4,42.700695,32.819551,0.160000,32.659551
289,2.584763,2.628087,1.668087,3.668087,informed,none,0.000000,-4,42.700695,32.361644,0.160000,32.201644
290,0.983140,1.278206,0.318206,2.318206,informed,none,0.000000,-4,42.700695,38.768134,0.160000,38.608134
291,0.910626,1.394270,0.434270,2.434270,noise,none,0.000000,-4,42.700695,39.058191,0.160000,38.898191
292,0.920955,0.981371,0.021371,2.021371,informed,none,0.000000,-4,42.700695,39.016874,0.160000,38.856874
293,0.908942,0.904260,-0.055740,1.944260,informed,none,0.000000,-4,42.700695,39.064928,0.160000,38.904928
294,0.820019,1.209200,0.249200,2.249200,noise,none,0.000000,-4,42.700695,39.420619,0.160000,39.260619
295,0.149516,1.175294,0.215294,2.215294,noise,none,0.000000,-4,42.700695,42.102631,0.160000,41.942631
296,-0.982558,-1.849551,-2.809551,-0.809551,informed,none,0.000000,-4,42.700695,46.630929,0.160000,46.470929
297,-0.788989,-1.452954,-2.412954,-0.412954,noise,none,0.000000,-4,42.700695,45.856651,0.160000,45.696651
298,-1.490886,-2.089033,-3.049033,-1.049033,noise,buy_from_mm,-1.049033,-5,41.651662,49.106095,0.250000,48.856095
299,-1.679511,-1.077233,-2.027233,-0.027233,informed,none,0.000000,-5,41.651662,50.049219,0.250000,49.799219
300,-2.403674,-2.924275,-3.874275,-1.874275,noise,none,0.000000,-5,41.651662,53.670032,0.250000,53.420032
301,-2.357987,-1.806509,-2.756509,-0.756509,noise,none,0.000000,-5,41.651662,53.441598,0.250000,53.191598
302,-2.175984,-3.029962,-3.979962,-1.979962,informed,none,0.000000,-5,41.651662,52.531583,0.250000,52.281583
303,-2.551670,-2.877259,-3.827259,-1.827259,noise,none,0.000000,-5,41.651662,54.410011,0.250000,54.160011
304,-2.609702,-2.223345,-3.173345,-1.173345,noise,none,0.000000,-5,41.651662,54.700170,0.250000,54.450170
305,-2.671760,-3.127628,-4.077628,-2.077628,informed,none,0.000000,-5,41.651662,55.010462,0.250000,54.760462
306,-1.996242,-3.261061,-4.211061,-2.211061,noise,none,0.000000,-5,41.651662,51.632874,0.250000,51.382874
307,-2.782412,-2.696647,-3.646647,-1.646647,noise,none,0.000000,-5,41.651662,55.563720,0.250000,55.313720
308,-1.447254,-1.907021,-2.857021,-0.857021,noise,sell_to_mm,-2.857021,-4,44.508683,50.297698,0.160000,50.137698
309,0.678735,1.261445,0.301445,2.301445,noise,none,0.000000,-4,44.508683,41.793744,0.160000,41.633744
310,0.874017,0.270784,-0.689216,1.310784,noise,buy_from_mm,1.310784,-5,45.819467,41.449384,0.250000,41.199384
311,0.088842,-0.031507,-0.981507,1.018493,noise,none,0.000000,-5,45.819467,45.375260,0.250000,45.125260
312,-0.071527,-0.574048,-1.524048,0.475952,noise,none,0.000000,-5,45.819467,46.177101,0.250000,45.927101
313,-0.103107,-0.498523,-1.448523,0.551477,noise,none,0.000000,-5,45.819467,46.335001,0.250000,46.085001
314,0.793227,0.257579,-0.692421,1.307579,noise,none,0.000000,-5,45.819467,41.853331,0.250000,41.603331
315,0.311520,-0.257534,-1.207534,0.792466,noise,buy_from_mm,0.792466,-6,46.611933,44.742812,0.360000,44.382812
316,0.925281,0.293768,-0.646232,1.353768,noise,sell_to_mm,-0.646232,-5,47.258165,42.631758,0.250000,42.381758
317,0.247189,0.171665,-0.778335,1.221665,noise,buy_from_mm,1.221665,-6,48.479830,46.996695,0.360000,46.636695
318,0.526596,0.404816,-0.535184,1.464816,noise,sell_to_mm,-0.535184,-5,49.015014,46.382032,0.250000,46.132032
319,0.311665,0.149680,-0.800320,1.199680,noise,none,0.000000,-5,49.015014,47.456689,0.250000,47.206689
320,-0.182330,-0.453214,-1.403214,0.596786,noise,none,0.000000,-5,49.015014,49.926662,0.250000,49.676662
321,0.153648,0.117582,-0.832418,1.167582,informed,none,0.000000,-5,49.015014,48.246775,0.250000,47.996775
322,-0.993433,-0.912304,-1.862304,0.137696,informed,none,0.000000,-5,49.015014,53.982177,0.250000,53.732177
323,-2.627690,-1.951697,-2.901697,-0.901697,noise,none,0.000000,-5,49.015014,62.153466,0.250000,61.903466
324,-2.296360,-3.459317,-4.409317,-2.409317,noise,none,0.000000,-5,49.015014,60.496815,0.250000,60.246815
325,-1.973792,-1.507288,-2.457288,-0.457288,noise,none,0.000000,-5,49.015014,58.883976,0.250000,58.633976
326,-1.160225,-1.755783,-2.705783,-0.705783,informed,none,0.000000,-5,49.015014,54.816140,0.250000,54.566140
327,-2.424753,-2.223306,-3.173306,-1.173306,noise,none,0.000000,-5,49.015014,61.138779,0.250000,60.888779
328,-2.648910,-3.025531,-3.975531,-1.975531,informed,none,0.000000,-5,49.015014,62.259562,0.250000,62.009562
329,-1.440269,-1.261454,-2.211454,-0.211454,informed,none,0.000000,-5,49.015014,56.216357,0.250000,55.966357
330,-0.227233,-0.201674,-1.151674,0.848326,noise,none,0.000000,-5,49.015014,50.151178,0.250000,49.901178
331,0.595140,-0.043858,-0.993858,1.006142,noise,none,0.000000,-5,49.015014,46.039313,0.250000,45.789313
332,0.551988,0.895814,-0.054186,1.945814,noise,none,0.000000,-5,49.015014,46.255076,0.250000,46.005076
333,2.283965,1.337480,0.387480,2.387480,informed,none,0.000000,-5,49.015014,37.595189,0.250000,37.345189
334,1.753752,1.678250,0.728250,2.728250,noise,none,0.000000,-5,49.015014,40.246253,0.250000,39.996253
335,3.219287,3.442215,2.492215,4.492215,informed,none,0.000000,-5,49.015014,32.918578,0.250000,32.668578
336,3.633397,3.287774,2.337774,4.337774,informed,none,0.000000,-5,49.015014,30.848027,0.250000,30.598027
337,4.909538,5.130563,4.180563,6.180563,informed,none,0.000000,-5,49.015014,24.467326,0.250000,24.217326
338,6.485290,6.336170,5.386170,7.386170,noise,none,0.000000,-5,49.015014,16.588564,0.250000,16.338564
339,7.846307,8.107722,7.157722,9.157722,noise,none,0.000000,-5,49.015014,9.783479,0.250000,9.533479
340,7.832498,7.469015,6.519015,8.519015,informed,none,0.000000,-5,49.015014,9.852522,0.250000,9.602522
341,8.210898,9.294511,8.344511,10.344511,informed,sell_to_mm,8.344511,-4,40.670502,7.826910,0.160000,7.666910
342,7.810713,7.831269,6.871269,8.871269,noise,none,0.000000,-4,40.670502,9.427650,0.160000,9.267650
343,9.475687,9.355365,8.395365,10.395365,noise,sell_to_mm,8.395365,-3,32.275137,3.848077,0.090000,3.758077
344,9.222603,8.777174,7.807174,9.807174,noise,none,0.000000,-3,32.275137,4.607328,0.090000,4.517328
345,9.346900,9.235796,8.265796,10.265796,informed,none,0.000000,-3,32.275137,4.234436,0.090000,4.144436
346,8.510233,9.020458,8.050458,10.050458,noise,none,0.000000,-3,32.275137,6.744437,0.090000,6.654437
347,7.093031,7.459656,6.489656,8.489656,noise,none,0.000000,-3,32.275137,10.996044,0.090000,10.906044
348,7.512430,7.057974,6.087974,8.087974,noise,buy_from_mm,8.087974,-4,40.363111,10.313390,0.160000,10.153390
349,8.680188,8.362402,7.402402,9.402402,noise,buy_from_mm,9.402402,-5,49.765512,6.364570,0.250000,6.114570
350,7.876541,8.798411,7.848411,9.848411,noise,none,0.000000,-5,49.765512,10.382808,0.250000,10.132808
351,9.438543,9.141478,8.191478,10.191478,noise,buy_from_mm,10.191478,-6,59.956991,3.325730,0.360000,2.965730
352,9.531537,9.262101,8.322101,10.322101,noise,sell_to_mm,8.322101,-5,51.634890,3.977205,0.250000,3.727205
353,9.478761,10.196646,9.246646,11.246646,informed,none,0.000000,-5,51.634890,4.241085,0.250000,3.991085
354,9.333780,9.732126,8.782126,10.782126,noise,none,0.000000,-5,51.634890,4.965992,0.250000,4.715992
355,10.695270,9.658347,8.708347,10.708347,informed,none,0.000000,-5,51.634890,-1.841459,0.250000,-2.091459
356,11.079248,11.286805,10.336805,12.336805,noise,buy_from_mm,12.336805,-6,63.971694,-2.503795,0.360000,-2.863795
357,12.218812,12.171843,11.231843,13.231843,noise,none,0.000000,-6,63.971694,-9.341180,0.360000,-9.701180
358,12.410780,12.791637,11.851637,13.851637,noise,none,0.000000,-6,63.971694,-10.492986,0.360000,-10.852986
359,13.724311,12.946397,12.006397,14.006397,noise,none,0.000000,-6,63.971694,-18.374174,0.360000,-18.734174
360,15.339649,15.368672,14.428672,16.428672,noise,none,0.000000,-6,63.971694,-28.066202,0.360000,-28.426202
361,14.924537,14.914722,13.974722,15.974722,informed,none,0.000000,-6,63.971694,-25.575529,0.360000,-25.935529
362,13.990313,13.525631,12.585631,14.585631,informed,none,0.000000,-6,63.971694,-19.970186,0.360000,-20.330186
363,12.873028,12.880180,11.940180,13.940180,informed,none,0.000000,-6,63.971694,-13.266474,0.360000,-13.626474
364,12.653835,13.009702,12.069702,14.069702,informed,none,0.000000,-6,63.971694,-11.951317,0.360000,-12.311317
365,13.063705,13.055415,12.115415,14.115415,noise,sell_to_mm,12.115415,-5,51.856279,-13.462246,0.250000,-13.712246
366,12.470995,13.594509,12.644509,14.644509,noise,none,0.000000,-5,51.856279,-10.498698,0.250000,-10.748698
367,10.519213,10.766517,9.816517,11.816517,noise,none,0.000000,-5,51.856279,-0.739787,0.250000,-0.989787
368,11.614935,12.067591,11.117591,13.117591,noise,buy_from_mm,13.117591,-6,64.973870,-4.715741,0.360000,-5.075741
369,11.807440,10.967581,10.027581,12.027581,informed,none,0.000000,-6,64.973870,-5.870769,0.360000,-6.230769
370,13.232073,13.399130,12.459130,14.459130,noise,none,0.000000,-6,64.973870,-14.418566,0.360000,-14.778566
371,11.957961,10.945680,10.005680,12.005680,noise,none,0.000000,-6,64.973870,-6.773894,0.360000,-7.133894
372,11.920539,11.154017,10.214017,12.214017,noise,sell_to_mm,10.214017,-5,54.759854,-4.842843,0.250000,-5.092843
373,13.342299,13.208071,12.258071,14.258071,noise,none,0.000000,-5,54.759854,-11.951640,0.250000,-12.201640
374,13.841715,14.107412,13.157412,15.157412,informed,none,0.000000,-5,54.759854,-14.448721,0.250000,-14.698721
375,15.344172,15.559096,14.609096,16.609096,noise,none,0.000000,-5,54.759854,-21.961007,0.250000,-22.211007
376,15.663232,15.106524,14.156524,16.156524,informed,none,0.000000,-5,54.759854,-23.556309,0.250000,-23.806309
377,14.994874,14.303465,13.353465,15.353465,noise,none,0.000000,-5,54.759854,-20.214517,0.250000,-20.464517
378,15.346039,15.147594,14.197594,16.197594,noise,none,0.000000,-5,54.759854,-21.970342,0.250000,-22.220342
379,17.445789,17.677706,16.727706,18.727706,noise,none,0.000000,-5,54.759854,-32.469089,0.250000,-32.719089
380,17.399001,17.394789,16.444789,18.444789,informed,none,0.000000,-5,54.759854,-32.235151,0.250000,-32.485151
381,17.465261,17.725486,16.775486,18.775486,informed,none,0.000000,-5,54.759854,-32.566454,0.250000,-32.816454
382,16.790038,16.791835,15.841835,17.841835,informed,none,0.000000,-5,54.759854,-29.190337,0.250000,-29.440337
383,15.730584,15.992648,15.042648,17.042648,noise,none,0.000000,-5,54.759854,-23.893065,0.250000,-24.143065
384,15.216431,15.447606,14.497606,16.497606,noise,none,0.000000,-5,54.759854,-21.322301,0.250000,-21.572301
385,15.363892,16.352952,15.402952,17.402952,noise,none,0.000000,-5,54.759854,-22.059608,0.250000,-22.309608
386,13.699359,14.110750,13.160750,15.160750,informed,none,0.000000,-5,54.759854,-13.736944,0.250000,-13.986944
387,14.175886,14.387242,13.437242,15.437242,informed,none,0.000000,-5,54.759854,-16.119574,0.250000,-16.369574
388,13.981887,14.345334,13.395334,15.395334,noise,none,0.000000,-5,54.759854,-15.149583,0.250000,-15.399583
389,14.010126,14.055657,13.105657,15.105657,informed,none,0.000000,-5,54.759854,-15.290778,0.250000,-15.540778
390,14.214046,14.766747,13.816747,15.816747,informed,none,0.000000,-5,54.759854,-16.310377,0.250000,-16.560377
391,14.344620,14.687696,13.737696,15.737696,noise,none,0.000000,-5,54.759854,-16.963244,0.250000,-17.213244
392,13.417305,13.260829,12.310829,14.310829,informed,none,0.000000,-5,54.759854,-12.326672,0.250000,-12.576672
393,13.601941,14.469054,13.519054,15.519054,noise,sell_to_mm,13.519054,-4,41.240800,-13.166965,0.160000,-13.326965
394,13.065915,12.852409,11.892409,13.892409,informed,none,0.000000,-4,41.240800,-11.022859,0.160000,-11.182859
395,13.013321,12.478745,11.518745,13.518745,noise,none,0.000000,-4,41.240800,-10.812485,0.160000,-10.972485
396,13.488618,13.654004,12.694004,14.694004,noise,buy_from_mm,14.694004,-5,55.934803,-11.508289,0.250000,-11.758289
397,14.423666,14.124917,13.174917,15.174917,informed,none,0.000000,-5,55.934803,-16.183529,0.250000,-16.433529
398,13.971552,13.689732,12.739732,14.739732,informed,none,0.000000,-5,55.934803,-13.922959,0.250000,-14.172959
399,14.125874,14.236907,13.286907,15.286907,informed,none,0.000000,-5,55.934803,-14.694569,0.250000,-14.944569
400,14.282529,14.463596,13.513596,15.513596,informed,none,0.000000,-5,55.934803,-15.477842,0.250000,-15.727842
401,16.021957,16.584362,15.634362,17.634362,informed,none,0.000000,-5,55.934803,-24.174982,0.250000,-24.424982
402,17.100924,17.479606,16.529606,18.529606,noise,none,0.000000,-5,55.934803,-29.569819,0.250000,-29.819819
403,17.176207,17.572429,16.622429,18.622429,informed,none,0.000000,-5,55.934803,-29.946234,0.250000,-30.196234
404,20.561585,19.179065,18.229065,20.229065,informed,buy_from_mm,20.229065,-6,76.163868,-47.205639,0.360000,-47.565639
405,19.972464,20.434064,19.494064,21.494064,informed,none,0.000000,-6,76.163868,-43.670913,0.360000,-44.030913
406,20.045984,20.652386,19.712386,21.712386,informed,none,0.000000,-6,76.163868,-44.112038,0.360000,-44.472038
407,20.892232,20.665139,19.725139,21.725139,noise,none,0.000000,-6,76.163868,-49.189523,0.360000,-49.549523
408,19.668420,18.981689,18.041689,20.041689,noise,none,0.000000,-6,76.163868,-41.846654,0.360000,-42.206654
409,19.429747,19.116254,18.176254,20.176254,informed,none,0.000000,-6,76.163868,-40.414616,0.360000,-40.774616
410,17.849416,18.320928,17.380928,19.380928,noise,none,0.000000,-6,76.163868,-30.932629,0.360000,-31.292629
411,18.258806,18.845267,17.905267,19.905267,informed,none,0.000000,-6,76.163868,-33.388968,0.360000,-33.748968
412,17.512882,17.137901,16.197901,18.197901,noise,sell_to_mm,16.197901,-5,59.965967,-27.598443,0.250000,-27.848443
413,16.608825,16.613243,15.663243,17.663243,informed,none,0.000000,-5,59.965967,-23.078156,0.250000,-23.328156
414,16.729549,16.956011,16.006011,18.006011,noise,none,0.000000,-5,59.965967,-23.681778,0.250000,-23.931778
415,18.232475,18.362159,17.412159,19.412159,noise,buy_from_mm,19.412159,-6,79.378126,-30.016727,0.360000,-30.376727
416,18.392670,18.020578,17.080578,19.080578,noise,none,0.000000,-6,79.378126,-30.977893,0.360000,-31.337893
417,18.193253,18.171871,17.231871,19.231871,noise,buy_from_mm,19.231871,-7,98.609997,-28.742771,0.490000,-29.232771
418,16.972645,16.918241,15.988241,17.988241,noise,none,0.000000,-7,98.609997,-20.198517,0.490000,-20.688517
419,19.080839,19.408051,18.478051,20.478051,noise,none,0.000000,-7,98.609997,-34.955876,0.490000,-35.445876
420,19.151850,19.676586,18.746586,20.746586,informed,none,0.000000,-7,98.609997,-35.452953,0.490000,-35.942953
421,20.469098,20.491979,19.561979,21.561979,informed,none,0.000000,-7,98.609997,-44.673687,0.490000,-45.163687
422,20.933443,20.616812,19.686812,21.686812,noise,none,0.000000,-7,98.609997,-47.924106,0.490000,-48.414106
423,21.349999,21.400631,20.470631,22.470631,noise,sell_to_mm,20.470631,-6,78.139366,-49.960627,0.360000,-50.320627
424,22.487490,22.722672,21.782672,23.782672,noise,none,0.000000,-6,78.139366,-56.785572,0.360000,-57.145572
425,22.669696,22.426200,21.486200,23.486200,noise,sell_to_mm,21.486200,-5,56.653166,-56.695316,0.250000,-56.945316
426,22.853882,22.427051,21.477051,23.477051,noise,none,0.000000,-5,56.653166,-57.616246,0.250000,-57.866246
427,24.031295,24.242219,23.292219,25.292219,noise,none,0.000000,-5,56.653166,-63.503307,0.250000,-63.753307
428,23.750862,23.094016,22.144016,24.144016,informed,none,0.000000,-5,56.653166,-62.101145,0.250000,-62.351145
429,23.803351,23.891452,22.941452,24.941452,noise,none,0.000000,-5,56.653166,-62.363590,0.250000,-62.613590
430,25.136771,24.621019,23.671019,25.671019,informed,none,0.000000,-5,56.653166,-69.030687,0.250000,-69.280687
431,25.592565,24.854116,23.904116,25.904116,noise,none,0.000000,-5,56.653166,-71.309657,0.250000,-71.559657
432,26.969191,28.186732,27.236732,29.236732,noise,sell_to_mm,27.236732,-4,29.416434,-78.460328,0.160000,-78.620328
433,26.068841,26.141456,25.181456,27.181456,noise,sell_to_mm,25.181456,-3,4.234978,-73.971544,0.090000,-74.061544
434,25.132480,24.895404,23.925404,25.925404,noise,buy_from_mm,25.925404,-4,30.160382,-70.369539,0.160000,-70.529539
435,25.644135,25.691352,24.731352,26.731352,noise,none,0.000000,-4,30.160382,-72.416159,0.160000,-72.576159
436,25.464781,24.694394,23.734394,25.734394,noise,none,0.000000,-4,30.160382,-71.698740,0.160000,-71.858740
437,24.574155,25.370375,24.410375,26.410375,informed,none,0.000000,-4,30.160382,-68.136237,0.160000,-68.296237
438,23.053443,23.460634,22.500634,24.500634,noise,none,0.000000,-4,30.160382,-62.053389,0.160000,-62.213389
439,22.679462,23.252022,22.292022,24.292022,noise,none,0.000000,-4,30.160382,-60.557466,0.160000,-60.717466
440,24.567073,24.500913,23.540913,25.540913,noise,none,0.000000,-4,30.160382,-68.107912,0.160000,-68.267912
441,22.280400,22.678511,21.718511,23.718511,noise,buy_from_mm,23.718511,-5,53.878893,-57.523107,0.250000,-57.773107
442,21.830965,22.126149,21.176149,23.176149,noise,none,0.000000,-5,53.878893,-55.275931,0.250000,-55.525931
443,23.563098,23.845810,22.895810,24.895810,informed,none,0.000000,-5,53.878893,-63.936596,0.250000,-64.186596
444,25.607320,26.495286,25.545286,27.545286,noise,none,0.000000,-5,53.878893,-74.157708,0.250000,-74.407708
445,24.163225,23.828029,22.878029,24.878029,noise,buy_from_mm,24.878029,-6,78.756922,-66.222427,0.360000,-66.582427
446,23.632817,22.726583,21.786583,23.786583,noise,none,0.000000,-6,78.756922,-63.039979,0.360000,-63.399979
447,23.886420,23.559600,22.619600,24.619600,informed,none,0.000000,-6,78.756922,-64.561598,0.360000,-64.921598
448,26.313961,25.170327,24.230327,26.230327,informed,buy_from_mm,26.230327,-7,104.987249,-79.210477,0.490000,-79.700477
449,25.421574,25.249845,24.319845,26.319845,informed,none,0.000000,-7,104.987249,-72.963772,0.490000,-73.453772
450,25.662326,25.650845,24.720845,26.720845,noise,sell_to_mm,24.720845,-6,80.266403,-73.707555,0.360000,-74.067555
451,25.744154,26.512666,25.572666,27.572666,informed,none,0.000000,-6,80.266403,-74.198518,0.360000,-74.558518
452,26.957884,27.518772,26.578772,28.578772,noise,none,0.000000,-6,80.266403,-81.480898,0.360000,-81.840898
453,27.135360,26.922112,25.982112,27.982112,noise,buy_from_mm,27.982112,-7,108.248515,-81.699003,0.490000,-82.189003
454,27.860713,28.369863,27.439863,29.439863,noise,buy_from_mm,29.439863,-8,137.688378,-85.197323,0.640000,-85.837323
455,27.366032,27.546689,26.626689,28.626689,noise,none,0.000000,-8,137.688378,-81.239879,0.640000,-81.879879
456,28.176041,27.653159,26.733159,28.733159,informed,none,0.000000,-8,137.688378,-87.719949,0.640000,-88.359949
457,29.218510,28.897033,27.977033,29.977033,noise,none,0.000000,-8,137.688378,-96.059700,0.640000,-96.699700
458,27.988697,27.952625,27.032625,29.032625,informed,none,0.000000,-8,137.688378,-86.221198,0.640000,-86.861198
459,26.945632,27.275416,26.355416,28.355416,informed,none,0.000000,-8,137.688378,-77.876674,0.640000,-78.516674
460,28.024806,28.247941,27.327941,29.327941,noise,sell_to_mm,27.327941,-7,110.360438,-85.813205,0.490000,-86.303205
461,28.021531,28.289172,27.359172,29.359172,informed,none,0.000000,-7,110.360438,-85.790281,0.490000,-86.280281
462,25.956650,26.566465,25.636465,27.636465,noise,buy_from_mm,27.636465,-8,137.996903,-69.656297,0.640000,-70.296297
463,25.445666,25.026024,24.106024,26.106024,informed,none,0.000000,-8,137.996903,-65.568428,0.640000,-66.208428
464,23.727132,23.750300,22.830300,24.830300,informed,none,0.000000,-8,137.996903,-51.820157,0.640000,-52.460157
465,23.821109,23.510571,22.590571,24.590571,noise,none,0.000000,-8,137.996903,-52.571968,0.640000,-53.211968
466,24.733269,24.385326,23.465326,25.465326,informed,none,0.000000,-8,137.996903,-59.869251,0.640000,-60.509251
467,24.124361,24.205986,23.285986,25.285986,noise,none,0.000000,-8,137.996903,-54.997987,0.640000,-55.637987
468,24.887808,25.559442,24.639442,26.639442,noise,sell_to_mm,24.639442,-7,113.357461,-60.857196,0.490000,-61.347196
469,23.888144,23.749246,22.819246,24.819246,noise,buy_from_mm,24.819246,-8,138.176707,-52.928442,0.640000,-53.568442
470,24.710365,24.810025,23.890025,25.890025,informed,none,0.000000,-8,138.176707,-59.506213,0.640000,-60.146213
471,24.109480,23.923829,23.003829,25.003829,noise,none,0.000000,-8,138.176707,-54.699132,0.640000,-55.339132
472,24.836392,24.672972,23.752972,25.752972,informed,none,0.000000,-8,138.176707,-60.514429,0.640000,-61.154429
473,24.350128,24.619178,23.699178,25.699178,noise,none,0.000000,-8,138.176707,-56.624315,0.640000,-57.264315
474,23.153806,23.087432,22.167432,24.167432,informed,none,0.000000,-8,138.176707,-47.053740,0.640000,-47.693740
475,23.065390,23.422349,22.502349,24.502349,noise,none,0.000000,-8,138.176707,-46.346412,0.640000,-46.986412
476,24.091446,24.336618,23.416618,25.416618,informed,none,0.000000,-8,138.176707,-54.554864,0.640000,-55.194864
477,24.781411,25.349813,24.429813,26.429813,noise,buy_from_mm,26.429813,-9,164.606520,-58.426178,0.810000,-59.236178
478,25.034903,24.771146,23.861146,25.861146,informed,none,0.000000,-9,164.606520,-60.707604,0.810000,-61.517604
479,23.939836,23.913445,23.003445,25.003445,noise,buy_from_mm,25.003445,-10,189.609965,-49.788392,1.000000,-50.788392
480,26.067756,24.795691,23.895691,25.895691,informed,buy_from_mm,25.895691,-11,215.505656,-71.239662,1.210000,-72.449662
481,24.656391,24.808974,23.918974,25.918974,informed,none,0.000000,-11,215.505656,-55.714649,1.210000,-56.924649
482,24.380409,24.007222,23.117222,25.117222,informed,none,0.000000,-11,215.505656,-52.678840,1.210000,-53.888840
483,23.949025,24.118374,23.228374,25.228374,noise,none,0.000000,-11,215.505656,-47.933622,1.210000,-49.143622
484,24.590917,24.926821,24.036821,26.036821,noise,buy_from_mm,26.036821,-12,241.542477,-53.548532,1.440000,-54.988532
485,25.559373,26.198888,25.318888,27.318888,noise,sell_to_mm,25.318888,-11,216.223589,-64.929516,1.210000,-66.139516
486,27.117150,26.780206,25.890206,27.890206,informed,none,0.000000,-11,216.223589,-82.065061,1.210000,-83.275061
487,27.204463,27.432216,26.542216,28.542216,noise,none,0.000000,-11,216.223589,-83.025500,1.210000,-84.235500
488,24.933123,25.532566,24.642566,26.642566,informed,none,0.000000,-11,216.223589,-58.040765,1.210000,-59.250765
489,26.370626,26.413592,25.523592,27.523592,noise,sell_to_mm,25.523592,-10,190.699997,-73.006262,1.000000,-74.006262
490,25.871983,25.966077,25.066077,27.066077,noise,none,0.000000,-10,190.699997,-68.019829,1.000000,-69.019829
491,24.741948,24.415310,23.515310,25.515310,informed,none,0.000000,-10,190.699997,-56.719481,1.000000,-57.719481
492,25.716217,26.220252,25.320252,27.320252,noise,none,0.000000,-10,190.699997,-66.462170,1.000000,-67.462170
493,24.840480,24.031423,23.131423,25.131423,informed,none,0.000000,-10,190.699997,-57.704806,1.000000,-58.704806
494,23.832533,23.729605,22.829605,24.829605,informed,none,0.000000,-10,190.699997,-47.625330,1.000000,-48.625330
495,24.267889,24.155399,23.255399,25.255399,noise,none,0.000000,-10,190.699997,-51.978893,1.000000,-52.978893
496,23.830811,23.810429,22.910429,24.910429,noise,none,0.000000,-10,190.699997,-47.608117,1.000000,-48.608117
497,23.378347,23.335936,22.435936,24.435936,noise,none,0.000000,-10,190.699997,-43.083470,1.000000,-44.083470
498,22.814211,22.505537,21.605537,23.605537,informed,none,0.000000,-10,190.699997,-37.442114,1.000000,-38.442114
499,21.310215,20.936444,20.036444,22.036444,noise,none,0.000000,-10,190.699997,-22.402155,1.000000,-23.402155
500,21.155063,22.036673,21.136673,23.136673,noise,sell_to_mm,21.136673,-9,169.563324,-20.832243,0.810000,-21.642243
501,20.778562,21.035096,20.125096,22.125096,informed,none,0.000000,-9,169.563324,-17.443738,0.810000,-18.253738
502,19.051354,19.419870,18.509870,20.509870,noise,sell_to_mm,18.509870,-8,151.053454,-1.357375,0.640000,-1.997375
503,18.121807,19.342232,18.422232,20.422232,noise,sell_to_mm,18.422232,-7,132.631222,5.778571,0.490000,5.288571
504,17.235220,17.000524,16.070524,18.070524,noise,buy_from_mm,18.070524,-8,150.701746,12.819989,0.640000,12.179989
505,17.014200,16.400533,15.480533,17.480533,noise,buy_from_mm,17.480533,-9,168.182280,15.054478,0.810000,14.244478
506,18.202179,18.594535,17.684535,19.684535,informed,none,0.000000,-9,168.182280,4.362672,0.810000,3.552672
507,18.642061,18.190490,17.280490,19.280490,informed,none,0.000000,-9,168.182280,0.403730,0.810000,-0.406270
508,19.388908,18.948939,18.038939,20.038939,informed,none,0.000000,-9,168.182280,-6.317890,0.810000,-7.127890
509,21.170949,20.322130,19.412130,21.412130,noise,buy_from_mm,21.412130,-10,189.594410,-22.115078,1.000000,-23.115078
510,23.313549,23.428971,22.528971,24.528971,noise,sell_to_mm,22.528971,-9,167.065439,-42.756501,0.810000,-43.566501
511,24.216219,24.306640,23.396640,25.396640,noise,none,0.000000,-9,167.065439,-50.880529,0.810000,-51.690529
512,24.388275,24.656792,23.746792,25.746792,noise,none,0.000000,-9,167.065439,-52.429040,0.810000,-53.239040
513,24.227963,24.251376,23.341376,25.341376,noise,none,0.000000,-9,167.065439,-50.986230,0.810000,-51.796230
514,23.872904,23.038576,22.128576,24.128576,informed,none,0.000000,-9,167.065439,-47.790694,0.810000,-48.600694
515,23.332850,22.063760,21.153760,23.153760,noise,none,0.000000,-9,167.065439,-42.930212,0.810000,-43.740212
516,22.555743,23.047038,22.137038,24.137038,noise,none,0.000000,-9,167.065439,-35.936245,0.810000,-36.746245
517,21.881776,22.113797,21.203797,23.203797,noise,none,0.000000,-9,167.065439,-29.870548,0.810000,-30.680548
518,22.131908,22.436948,21.526948,23.526948,informed,none,0.000000,-9,167.065439,-32.121734,0.810000,-32.931734
519,24.921259,24.524640,23.614640,25.614640,noise,none,0.000000,-9,167.065439,-57.225894,0.810000,-58.035894
520,24.469458,24.094647,23.184647,25.184647,noise,none,0.000000,-9,167.065439,-53.159685,0.810000,-53.969685
521,25.742977,25.455124,24.545124,26.545124,noise,none,0.000000,-9,167.065439,-64.621350,0.810000,-65.431350
522,26.143277,26.359371,25.449371,27.449371,noise,none,0.000000,-9,167.065439,-68.224055,0.810000,-69.034055
523,26.493225,27.029854,26.119854,28.119854,noise,none,0.000000,-9,167.065439,-71.373589,0.810000,-72.183589
524,25.679323,25.584560,24.674560,26.674560,noise,none,0.000000,-9,167.065439,-64.048464,0.810000,-64.858464
525,26.520717,26.114514,25.204514,27.204514,informed,none,0.000000,-9,167.065439,-71.621010,0.810000,-72.431010
526,27.018379,26.835760,25.925760,27.925760,noise,none,0.000000,-9,167.065439,-76.099973,0.810000,-76.909973
527,28.376626,29.102362,28.192362,30.192362,informed,none,0.000000,-9,167.065439,-88.324199,0.810000,-89.134199
528,27.057949,26.727625,25.817625,27.817625,informed,none,0.000000,-9,167.065439,-76.456104,0.810000,-77.266104
529,28.008081,28.212697,27.302697,29.302697,informed,none,0.000000,-9,167.065439,-85.007291,0.810000,-85.817291
530,28.762719,28.761584,27.851584,29.851584,informed,none,0.000000,-9,167.065439,-91.799029,0.810000,-92.609029
531,28.319598,28.065708,27.155708,29.155708,informed,none,0.000000,-9,167.065439,-87.810943,0.810000,-88.620943
532,26.975286,27.444709,26.534709,28.534709,noise,none,0.000000,-9,167.065439,-75.712139,0.810000,-76.522139
533,24.838305,25.592628,24.682628,26.682628,noise,buy_from_mm,26.682628,-10,193.748067,-54.634984,1.000000,-55.634984
534,24.896621,24.631971,23.731971,25.731971,noise,none,0.000000,-10,193.748067,-55.218144,1.000000,-56.218144
535,23.693399,22.429937,21.529937,23.529937,noise,none,0.000000,-10,193.748067,-43.185925,1.000000,-44.185925
536,22.677595,21.147920,20.247920,22.247920,noise,none,0.000000,-10,193.748067,-33.027880,1.000000,-34.027880
537,22.621234,21.935303,21.035303,23.035303,noise,sell_to_mm,21.035303,-9,172.712764,-30.878342,0.810000,-31.688342
538,21.294139,21.597929,20.687929,22.687929,informed,none,0.000000,-9,172.712764,-18.934483,0.810000,-19.744483
539,21.284715,20.865276,19.955276,21.955276,informed,none,0.000000,-9,172.712764,-18.849668,0.810000,-19.659668
540,19.971601,19.897781,18.987781,20.987781,noise,none,0.000000,-9,172.712764,-7.031647,0.810000,-7.841647
541,19.835139,19.270620,18.360620,20.360620,noise,none,0.000000,-9,172.712764,-5.803483,0.810000,-6.613483
542,21.362993,21.769423,20.859423,22.859423,noise,none,0.000000,-9,172.712764,-19.554174,0.810000,-20.364174
543,21.790475,22.294956,21.384956,23.384956,informed,none,0.000000,-9,172.712764,-23.401515,0.810000,-24.211515
544,22.635165,22.885322,21.975322,23.975322,noise,none,0.000000,-9,172.712764,-31.003723,0.810000,-31.813723
545,22.467895,21.899256,20.989256,22.989256,noise,none,0.000000,-9,172.712764,-29.498291,0.810000,-30.308291
546,23.205034,23.475809,22.565809,24.565809,noise,none,0.000000,-9,172.712764,-36.132540,0.810000,-36.942540
547,23.342403,23.294289,22.384289,24.384289,informed,none,0.000000,-9,172.712764,-37.368864,0.810000,-38.178864
548,24.203137,24.349276,23.439276,25.439276,informed,none,0.000000,-9,172.712764,-45.115468,0.810000,-45.925468
549,25.221518,25.077184,24.167184,26.167184,informed,none,0.000000,-9,172.712764,-54.280899,0.810000,-55.090899
550,26.308989,26.113910,25.203910,27.203910,informed,none,0.000000,-9,172.712764,-64.068136,0.810000,-64.878136
551,27.525128,27.309033,26.399033,28.399033,noise,none,0.000000,-9,172.712764,-75.013389,0.810000,-75.823389
552,25.408536,26.456102,25.546102,27.546102,informed,sell_to_mm,25.546102,-8,147.166662,-56.101629,0.640000,-56.741629
553,24.563852,24.792085,23.872085,25.872085,noise,none,0.000000,-8,147.166662,-49.344155,0.640000,-49.984155
554,24.172265,24.636111,23.716111,25.716111,informed,none,0.000000,-8,147.166662,-46.211462,0.640000,-46.851462
555,25.935991,26.385049,25.465049,27.465049,noise,none,0.000000,-8,147.166662,-60.321263,0.640000,-60.961263
556,25.708641,24.704934,23.784934,25.784934,noise,buy_from_mm,25.784934,-9,172.951596,-58.426169,0.810000,-59.236169
557,26.295451,25.787756,24.877756,26.877756,informed,none,0.000000,-9,172.951596,-63.707459,0.810000,-64.517459
558,26.823234,27.288781,26.378781,28.378781,noise,none,0.000000,-9,172.951596,-68.457509,0.810000,-69.267509
559,27.034419,28.079311,27.169311,29.169311,noise,buy_from_mm,29.169311,-10,202.120907,-68.223283,1.000000,-69.223283
560,24.965081,24.770779,23.870779,25.870779,informed,none,0.000000,-10,202.120907,-47.529899,1.000000,-48.529899
561,25.323814,25.397276,24.497276,26.497276,noise,buy_from_mm,26.497276,-11,228.618183,-49.943770,1.210000,-51.153770
562,26.187378,26.120673,25.230673,27.230673,noise,none,0.000000,-11,228.618183,-59.442974,1.210000,-60.652974
563,27.848608,28.698734,27.808734,29.808734,noise,none,0.000000,-11,228.618183,-77.716509,1.210000,-78.926509
564,27.537646,27.976107,27.086107,29.086107,informed,none,0.000000,-11,228.618183,-74.295924,1.210000,-75.505924
565,29.928670,30.528870,29.638870,31.638870,informed,none,0.000000,-11,228.618183,-100.597183,1.210000,-101.807183
566,30.971094,31.490428,30.600428,32.600428,noise,none,0.000000,-11,228.618183,-112.063852,1.210000,-113.273852
567,29.710112,29.385816,28.495816,30.495816,noise,none,0.000000,-11,228.618183,-98.193046,1.210000,-99.403046
568,28.418826,27.712803,26.822803,28.822803,noise,sell_to_mm,26.822803,-10,201.795380,-82.392884,1.000000,-83.392884
569,27.889330,26.953087,26.053087,28.053087,noise,none,0.000000,-10,201.795380,-77.097920,1.000000,-78.097920
570,27.358867,27.623054,26.723054,28.723054,noise,sell_to_mm,26.723054,-9,175.072326,-71.157475,0.810000,-71.967475
571,27.825347,28.089531,27.179531,29.179531,informed,none,0.000000,-9,175.072326,-75.355798,0.810000,-76.165798
572,28.819791,28.950398,28.040398,30.040398,noise,none,0.000000,-9,175.072326,-84.305790,0.810000,-85.115790
573,29.462541,29.546429,28.636429,30.636429,informed,none,0.000000,-9,175.072326,-90.090543,0.810000,-90.900543
574,28.901654,28.487076,27.577076,29.577076,informed,none,0.000000,-9,175.072326,-85.042560,0.810000,-85.852560
575,28.475539,27.926629,27.016629,29.016629,informed,none,0.000000,-9,175.072326,-81.207529,0.810000,-82.017529
576,29.001487,28.229306,27.319306,29.319306,informed,none,0.000000,-9,175.072326,-85.941053,0.810000,-86.751053
577,31.251888,31.485701,30.575701,32.575701,noise,buy_from_mm,32.575701,-10,207.648027,-104.870856,1.000000,-105.870856
578,31.840988,31.608204,30.708204,32.708204,informed,none,0.000000,-10,207.648027,-110.761851,1.000000,-111.761851
579,30.160494,31.121762,30.221762,32.221762,informed,sell_to_mm,30.221762,-9,177.426264,-94.018184,0.810000,-94.828184
580,29.029290,29.144212,28.234212,30.234212,informed,none,0.000000,-9,177.426264,-83.837345,0.810000,-84.647345
581,29.101513,29.481761,28.571761,30.571761,informed,none,0.000000,-9,177.426264,-84.487353,0.810000,-85.297353
582,29.843517,29.578114,28.668114,30.668114,informed,none,0.000000,-9,177.426264,-91.165385,0.810000,-91.975385
583,31.075407,31.421177,30.511177,32.511177,noise,none,0.000000,-9,177.426264,-102.252403,0.810000,-103.062403
584,29.886461,29.272330,28.362330,30.362330,informed,none,0.000000,-9,177.426264,-91.551889,0.810000,-92.361889
585,31.442952,32.042619,31.132619,33.132619,informed,none,0.000000,-9,177.426264,-105.560305,0.810000,-106.370305
586,31.781426,31.430830,30.520830,32.520830,informed,none,0.000000,-9,177.426264,-108.606566,0.810000,-109.416566
587,32.947895,32.359256,31.449256,33.449256,informed,none,0.000000,-9,177.426264,-119.104788,0.810000,-119.914788
588,34.263343,34.282536,33.372536,35.372536,noise,none,0.000000,-9,177.426264,-130.943819,0.810000,-131.753819
589,32.682990,32.169341,31.259341,33.259341,informed,none,0.000000,-9,177.426264,-116.720645,0.810000,-117.530645
590,34.324854,33.435849,32.525849,34.525849,noise,none,0.000000,-9,177.426264,-131.497425,0.810000,-132.307425
591,33.635677,33.357660,32.447660,34.447660,informed,none,0.000000,-9,177.426264,-125.294829,0.810000,-126.104829
592,35.687443,35.771065,34.861065,36.861065,informed,none,0.000000,-9,177.426264,-143.760719,0.810000,-144.570719
593,34.161495,33.772981,32.862981,34.862981,informed,none,0.000000,-9,177.426264,-130.027191,0.810000,-130.837191
594,33.064581,33.812573,32.902573,34.902573,informed,none,0.000000,-9,177.426264,-120.154964,0.810000,-120.964964
595,31.679329,31.286149,30.376149,32.376149,informed,none,0.000000,-9,177.426264,-107.687694,0.810000,-108.497694
596,32.174600,31.865992,30.955992,32.955992,noise,none,0.000000,-9,177.426264,-112.145137,0.810000,-112.955137
597,31.126016,30.498537,29.588537,31.588537,noise,none,0.000000,-9,177.426264,-102.707879,0.810000,-103.517879
598,29.790313,28.987229,28.077229,30.077229,noise,none,0.000000,-9,177.426264,-90.686553,0.810000,-91.496553
599,30.255172,30.051180,29.141180,31.141180,noise,sell_to_mm,29.141180,-8,148.285084,-93.756290,0.640000,-94.396290
600,28.579449,28.390728,27.470728,29.470728,informed,none,0.000000,-8,148.285084,-80.350504,0.640000,-80.990504
601,29.702774,29.169785,28.249785,30.249785,noise,none,0.000000,-8,148.285084,-89.337111,0.640000,-89.977111
602,29.037375,29.327923,28.407923,30.407923,informed,none,0.000000,-8,148.285084,-84.013915,0.640000,-84.653915
603,26.824735,27.257998,26.337998,28.337998,noise,none,0.000000,-8,148.285084,-66.312792,0.640000,-66.952792
604,28.148613,28.068506,27.148506,29.148506,informed,none,0.000000,-8,148.285084,-76.903817,0.640000,-77.543817
605,29.921032,30.225842,29.305842,31.305842,noise,none,0.000000,-8,148.285084,-91.083171,0.640000,-91.723171
606,29.482127,28.911400,27.991400,29.991400,noise,none,0.000000,-8,148.285084,-87.571935,0.640000,-88.211935
607,29.179424,28.011177,27.091177,29.091177,informed,buy_from_mm,29.091177,-9,177.376262,-85.238553,0.810000,-86.048553
608,28.514117,28.598411,27.688411,29.688411,informed,none,0.000000,-9,177.376262,-79.250791,0.810000,-80.060791
609,26.463117,26.832714,25.922714,27.922714,noise,none,0.000000,-9,177.376262,-60.791794,0.810000,-61.601794
610,26.742597,27.256583,26.346583,28.346583,informed,none,0.000000,-9,177.376262,-63.307110,0.810000,-64.117110
611,26.708776,26.653857,25.743857,27.743857,noise,none,0.000000,-9,177.376262,-63.002725,0.810000,-63.812725
612,26.544855,25.650487,24.740487,26.740487,noise,buy_from_mm,26.740487,-10,204.116749,-61.331800,1.000000,-62.331800
613,27.163406,27.363003,26.463003,28.463003,noise,buy_from_mm,28.463003,-11,232.579752,-66.217712,1.210000,-67.427712
614,28.001234,28.242754,27.352754,29.352754,noise,buy_from_mm,29.352754,-12,261.932506,-74.082299,1.440000,-75.522299
615,27.492185,27.387160,26.507160,28.507160,noise,none,0.000000,-12,261.932506,-67.973720,1.440000,-69.413720
616,27.195759,27.201263,26.321263,28.321263,noise,none,0.000000,-12,261.932506,-64.416598,1.440000,-65.856598
617,27.566353,28.026263,27.146263,29.146263,noise,none,0.000000,-12,261.932506,-68.863724,1.440000,-70.303724
618,28.387753,28.735223,27.855223,29.855223,noise,none,0.000000,-12,261.932506,-78.720531,1.440000,-80.160531
619,27.368879,27.509585,26.629585,28.629585,noise,none,0.000000,-12,261.932506,-66.494040,1.440000,-67.934040
620,28.479158,28.434385,27.554385,29.554385,informed,none,0.000000,-12,261.932506,-79.817391,1.440000,-81.257391
621,28.096921,27.774834,26.894834,28.894834,informed,none,0.000000,-12,261.932506,-75.230543,1.440000,-76.670543
622,26.435735,25.843219,24.963219,26.963219,informed,none,0.000000,-12,261.932506,-55.296318,1.440000,-56.736318
623,26.925943,26.702189,25.822189,27.822189,informed,none,0.000000,-12,261.932506,-61.178813,1.440000,-62.618813
624,26.270485,26.714920,25.834920,27.834920,informed,none,0.000000,-12,261.932506,-53.313313,1.440000,-54.753313
625,27.326735,26.877427,25.997427,27.997427,informed,none,0.000000,-12,261.932506,-65.988313,1.440000,-67.428313
626,28.472388,29.045272,28.165272,30.165272,informed,none,0.000000,-12,261.932506,-79.736145,1.440000,-81.176145
627,27.882379,28.040386,27.160386,29.160386,informed,none,0.000000,-12,261.932506,-72.656040,1.440000,-74.096040
628,27.923023,27.550398,26.670398,28.670398,noise,buy_from_mm,28.670398,-13,290.602905,-72.396397,1.690000,-74.086397
629,28.841363,29.037963,28.167963,30.167963,noise,none,0.000000,-13,290.602905,-84.334814,1.690000,-86.024814
630,29.192687,28.466245,27.596245,29.596245,noise,none,0.000000,-13,290.602905,-88.902026,1.690000,-90.592026
631,29.110989,28.524449,27.654449,29.654449,noise,none,0.000000,-13,290.602905,-87.839958,1.690000,-89.529958
632,29.235323,28.753167,27.883167,29.883167,noise,sell_to_mm,27.883167,-12,262.719737,-88.104138,1.440000,-89.544138
633,29.841361,30.082365,29.202365,31.202365,noise,sell_to_mm,29.202365,-11,233.517373,-94.737596,1.210000,-95.947596
634,29.665153,29.825755,28.935755,30.935755,noise,sell_to_mm,28.935755,-10,204.581618,-92.069910,1.000000,-93.069910
635,29.523167,30.212431,29.312431,31.312431,informed,none,0.000000,-10,204.581618,-90.650057,1.000000,-91.650057
636,29.955716,28.979769,28.079769,30.079769,informed,none,0.000000,-10,204.581618,-94.975543,1.000000,-95.975543
637,30.583624,30.996169,30.096169,32.096169,noise,sell_to_mm,30.096169,-9,174.485448,-100.767164,0.810000,-101.577164
638,31.500328,31.052756,30.142756,32.142756,noise,none,0.000000,-9,174.485448,-109.017502,0.810000,-109.827502
639,31.391084,31.753777,30.843777,32.843777,noise,none,0.000000,-9,174.485448,-108.034308,0.810000,-108.844308
640,32.316185,31.527120,30.617120,32.617120,noise,none,0.000000,-9,174.485448,-116.360213,0.810000,-117.170213
641,32.913578,33.149193,32.239193,34.239193,informed,none,0.000000,-9,174.485448,-121.736754,0.810000,-122.546754
642,34.950958,34.068350,33.158350,35.158350,noise,none,0.000000,-9,174.485448,-140.073171,0.810000,-140.883171
643,35.584301,35.662754,34.752754,36.752754,informed,none,0.000000,-9,174.485448,-145.773260,0.810000,-146.583260
644,34.622931,33.163093,32.253093,34.253093,noise,buy_from_mm,34.253093,-10,208.738541,-137.490771,1.000000,-138.490771
645,33.425707,33.306646,32.406646,34.406646,noise,none,0.000000,-10,208.738541,-125.518529,1.000000,-126.518529
646,35.338469,35.264093,34.364093,36.364093,noise,none,0.000000,-10,208.738541,-144.646145,1.000000,-145.646145
647,35.467217,35.969005,35.069005,37.069005,noise,none,0.000000,-10,208.738541,-145.933625,1.000000,-146.933625
648,34.991303,35.854078,34.954078,36.954078,informed,none,0.000000,-10,208.738541,-141.174486,1.000000,-142.174486
649,34.906465,35.247219,34.347219,36.347219,informed,none,0.000000,-10,208.738541,-140.326112,1.000000,-141.326112
650,34.522996,33.992093,33.092093,35.092093,informed,none,0.000000,-10,208.738541,-136.491421,1.000000,-137.491421
651,35.272964,35.473541,34.573541,36.573541,informed,none,0.000000,-10,208.738541,-143.991104,1.000000,-144.991104
652,36.034446,36.742610,35.842610,37.842610,informed,none,0.000000,-10,208.738541,-151.605918,1.000000,-152.605918
653,37.067874,36.709173,35.809173,37.809173,noise,buy_from_mm,37.809173,-11,246.547714,-161.198895,1.210000,-162.408895
654,37.206913,37.222764,36.332764,38.332764,noise,none,0.000000,-11,246.547714,-162.728330,1.210000,-163.938330
655,36.008418,36.106063,35.216063,37.216063,informed,none,0.000000,-11,246.547714,-149.544884,1.210000,-150.754884
656,33.404585,33.164466,32.274466,34.274466,informed,none,0.000000,-11,246.547714,-120.902721,1.210000,-122.112721
657,32.388411,32.109299,31.219299,33.219299,informed,none,0.000000,-11,246.547714,-109.724806,1.210000,-110.934806
658,31.686044,32.110345,31.220345,33.220345,noise,none,0.000000,-11,246.547714,-101.998770,1.210000,-103.208770
659,30.090312,30.806216,29.916216,31.916216,noise,none,0.000000,-11,246.547714,-84.445716,1.210000,-85.655716
660,30.967377,30.304886,29.414886,31.414886,noise,none,0.000000,-11,246.547714,-94.093432,1.210000,-95.303432
661,31.174855,30.783596,29.893596,31.893596,noise,sell_to_mm,29.893596,-10,216.654118,-95.094431,1.000000,-96.094431
662,27.722790,27.543470,26.643470,28.643470,noise,none,0.000000,-10,216.654118,-60.573778,1.000000,-61.573778
663,27.520287,28.339869,27.439869,29.439869,informed,none,0.000000,-10,216.654118,-58.548747,1.000000,-59.548747
664,26.851184,26.683482,25.783482,27.783482,noise,sell_to_mm,25.783482,-9,190.870636,-50.790020,0.810000,-51.600020
665,26.142438,25.056660,24.146660,26.146660,noise,buy_from_mm,26.146660,-10,217.017296,-44.407085,1.000000,-45.407085
666,26.565376,25.987368,25.087368,27.087368,informed,none,0.000000,-10,217.017296,-48.636469,1.000000,-49.636469
667,26.045110,25.831267,24.931267,26.931267,noise,none,0.000000,-10,217.017296,-43.433809,1.000000,-44.433809
668,25.234226,24.707129,23.807129,25.807129,noise,none,0.000000,-10,217.017296,-35.324965,1.000000,-36.324965
669,28.314242,27.018883,26.118883,28.118883,noise,none,0.000000,-10,217.017296,-66.125119,1.000000,-67.125119
670,29.531209,28.431020,27.531020,29.531020,informed,buy_from_mm,29.531020,-11,246.548316,-78.294983,1.210000,-79.504983
671,30.387032,31.115911,30.225911,32.225911,noise,none,0.000000,-11,246.548316,-87.709032,1.210000,-88.919032
672,31.823052,31.750095,30.860095,32.860095,noise,none,0.000000,-11,246.548316,-103.505256,1.210000,-104.715256
673,32.316390,32.399317,31.509317,33.509317,informed,none,0.000000,-11,246.548316,-108.931973,1.210000,-110.141973
674,31.696913,31.574991,30.684991,32.684991,noise,none,0.000000,-11,246.548316,-102.117725,1.210000,-103.327725
675,31.799580,32.125803,31.235803,33.235803,noise,none,0.000000,-11,246.548316,-103.247069,1.210000,-104.457069
676,30.267454,29.615829,28.725829,30.725829,informed,none,0.000000,-11,246.548316,-86.393673,1.210000,-87.603673
677,30.891732,30.976954,30.086954,32.086954,noise,none,0.000000,-11,246.548316,-93.260734,1.210000,-94.470734
678,32.951338,32.209789,31.319789,33.319789,noise,sell_to_mm,31.319789,-10,215.228527,-114.284851,1.000000,-115.284851
679,33.037066,32.941288,32.041288,34.041288,informed,none,0.000000,-10,215.228527,-115.142134,1.000000,-116.142134
680,34.055640,33.127768,32.227768,34.227768,noise,none,0.000000,-10,215.228527,-125.327871,1.000000,-126.327871
681,35.091600,35.350686,34.450686,36.450686,informed,none,0.000000,-10,215.228527,-135.687476,1.000000,-136.687476
682,33.799161,33.935291,33.035291,35.035291,informed,none,0.000000,-10,215.228527,-122.763082,1.000000,-123.763082
683,34.662296,34.238029,33.338029,35.338029,informed,none,0.000000,-10,215.228527,-131.394433,1.000000,-132.394433
684,35.187346,34.925514,34.025514,36.025514,noise,buy_from_mm,36.025514,-11,251.254041,-135.806768,1.210000,-137.016768
685,35.643507,35.704538,34.814538,36.814538,informed,none,0.000000,-11,251.254041,-140.824536,1.210000,-142.034536
686,35.290004,35.264281,34.374281,36.374281,informed,none,0.000000,-11,251.254041,-136.936003,1.210000,-138.146003
687,35.298528,35.003150,34.113150,36.113150,noise,sell_to_mm,34.113150,-10,217.140891,-135.844391,1.000000,-136.844391
688,36.509888,36.983857,36.083857,38.083857,noise,none,0.000000,-10,217.140891,-147.957992,1.000000,-148.957992
689,34.419890,34.790722,33.890722,35.890722,noise,none,0.000000,-10,217.140891,-127.058008,1.000000,-128.058008
690,32.978520,32.635294,31.735294,33.735294,noise,none,0.000000,-10,217.140891,-112.644314,1.000000,-113.644314
691,32.103256,31.739924,30.839924,32.839924,noise,none,0.000000,-10,217.140891,-103.891665,1.000000,-104.891665
692,31.116214,31.489691,30.589691,32.589691,informed,none,0.000000,-10,217.140891,-94.021252,1.000000,-95.021252
693,30.881499,31.492332,30.592332,32.592332,noise,none,0.000000,-10,217.140891,-91.674102,1.000000,-92.674102
694,30.236460,30.158909,29.258909,31.258909,noise,none,0.000000,-10,217.140891,-85.223712,1.000000,-86.223712
695,30.194719,29.551752,28.651752,30.651752,noise,none,0.000000,-10,217.140891,-84.806295,1.000000,-85.806295
696,29.964023,29.565116,28.665116,30.665116,noise,none,0.000000,-10,217.140891,-82.499342,1.000000,-83.499342
697,28.544961,28.587795,27.687795,29.687795,informed,none,0.000000,-10,217.140891,-68.308718,1.000000,-69.308718
698,28.290286,29.249331,28.349331,30.349331,noise,none,0.000000,-10,217.140891,-65.761971,1.000000,-66.761971
699,27.284745,27.790104,26.890104,28.890104,noise,none,0.000000,-10,217.140891,-55.706560,1.000000,-56.706560
700,27.558283,27.516197,26.616197,28.616197,noise,buy_from_mm,28.616197,-11,245.757087,-57.384025,1.210000,-58.594025
701,27.385626,27.829011,26.939011,28.939011,noise,buy_from_mm,28.939011,-12,274.696098,-53.931417,1.440000,-55.371417
702,29.275709,28.622576,27.742576,29.742576,noise,buy_from_mm,29.742576,-13,304.438674,-76.145544,1.690000,-77.835544
703,27.170162,27.151617,26.281617,28.281617,informed,none,0.000000,-13,304.438674,-48.773433,1.690000,-50.463433
704,27.459576,27.205904,26.335904,28.335904,noise,none,0.000000,-13,304.438674,-52.535809,1.690000,-54.225809
705,27.432940,26.601537,25.731537,27.731537,informed,none,0.000000,-13,304.438674,-52.189546,1.690000,-53.879546
706,26.162057,26.240470,25.370470,27.370470,informed,none,0.000000,-13,304.438674,-35.668069,1.690000,-37.358069
707,27.140179,27.655012,26.785012,28.785012,noise,none,0.000000,-13,304.438674,-48.383658,1.690000,-50.073658
708,28.658427,28.339080,27.469080,29.469080,noise,none,0.000000,-13,304.438674,-68.120883,1.690000,-69.810883
709,28.051925,28.386145,27.516145,29.516145,informed,none,0.000000,-13,304.438674,-60.236345,1.690000,-61.926345
710,28.773315,28.747408,27.877408,29.877408,noise,buy_from_mm,29.877408,-14,334.316081,-68.510334,1.960000,-70.470334
711,28.615613,28.658391,27.798391,29.798391,informed,none,0.000000,-14,334.316081,-66.302504,1.960000,-68.262504
712,28.499343,28.508691,27.648691,29.648691,noise,none,0.000000,-14,334.316081,-64.674727,1.960000,-66.634727
713,26.901097,26.677040,25.817040,27.817040,noise,none,0.000000,-14,334.316081,-42.299279,1.960000,-44.259279
714,27.666139,27.588249,26.728249,28.728249,informed,none,0.000000,-14,334.316081,-53.009871,1.960000,-54.969871
715,28.145237,28.065494,27.205494,29.205494,noise,buy_from_mm,29.205494,-15,363.521575,-58.656973,2.250000,-60.906973
716,26.610345,27.099501,26.249501,28.249501,noise,none,0.000000,-15,363.521575,-35.633605,2.250000,-37.883605
717,26.917270,27.159082,26.309082,28.309082,informed,none,0.000000,-15,363.521575,-40.237470,2.250000,-42.487470
718,27.131058,26.919741,26.069741,28.069741,informed,none,0.000000,-15,363.521575,-43.444300,2.250000,-45.694300
719,27.622450,26.877954,26.027954,28.027954,noise,sell_to_mm,26.027954,-14,337.493621,-49.220682,1.960000,-51.180682
720,26.117814,27.095283,26.235283,28.235283,informed,sell_to_mm,26.235283,-13,311.258338,-28.273244,1.690000,-29.963244
721,26.785510,27.182249,26.312249,28.312249,informed,none,0.000000,-13,311.258338,-36.953293,1.690000,-38.643293
722,26.937925,27.150957,26.280957,28.280957,informed,none,0.000000,-13,311.258338,-38.934686,1.690000,-40.624686
723,26.211125,26.214472,25.344472,27.344472,noise,sell_to_mm,25.344472,-12,285.913866,-28.619638,1.440000,-30.059638
724,24.081292,24.012659,23.132659,25.132659,noise,buy_from_mm,25.132659,-13,311.046525,-2.010268,1.690000,-3.700268
725,24.835637,25.183453,24.313453,26.313453,informed,none,0.000000,-13,311.046525,-11.816754,1.690000,-13.506754
726,25.164346,25.047661,24.177661,26.177661,informed,none,0.000000,-13,311.046525,-16.089969,1.690000,-17.779969
727,25.025408,25.626828,24.756828,26.756828,informed,none,0.000000,-13,311.046525,-14.283775,1.690000,-15.973775
728,25.230552,25.435823,24.565823,26.565823,informed,none,0.000000,-13,311.046525,-16.950652,1.690000,-18.640652
729,27.685997,27.922212,27.052212,29.052212,informed,none,0.000000,-13,311.046525,-48.871435,1.690000,-50.561435
730,26.574478,26.725437,25.855437,27.855437,noise,sell_to_mm,25.855437,-12,285.191089,-33.702653,1.440000,-35.142653
731,26.165028,26.525173,25.645173,27.645173,noise,none,0.000000,-12,285.191089,-28.789252,1.440000,-30.229252
732,26.090587,25.669809,24.789809,26.789809,noise,buy_from_mm,26.789809,-13,311.980897,-27.196731,1.690000,-28.886731
733,26.371142,25.520986,24.650986,26.650986,noise,none,0.000000,-13,311.980897,-30.843951,1.690000,-32.533951
734,26.082496,25.394230,24.524230,26.524230,noise,none,0.000000,-13,311.980897,-27.091545,1.690000,-28.781545
735,25.304326,24.968400,24.098400,26.098400,noise,none,0.000000,-13,311.980897,-16.975334,1.690000,-18.665334
736,26.205462,26.359803,25.489803,27.489803,noise,none,0.000000,-13,311.980897,-28.690104,1.690000,-30.380104
737,26.806210,27.497544,26.627544,28.627544,informed,none,0.000000,-13,311.980897,-36.499828,1.690000,-38.189828
738,26.734012,28.139456,27.269456,29.269456,noise,none,0.000000,-13,311.980897,-35.561253,1.690000,-37.251253
739,26.760714,27.007606,26.137606,28.137606,noise,none,0.000000,-13,311.980897,-35.908391,1.690000,-37.598391
740,28.278830,28.549518,27.679518,29.679518,noise,none,0.000000,-13,311.980897,-55.643895,1.690000,-57.333895
741,28.706240,29.527104,28.657104,30.657104,informed,none,0.000000,-13,311.980897,-61.200224,1.690000,-62.890224
742,27.857765,28.152653,27.282653,29.282653,noise,sell_to_mm,27.282653,-12,284.698245,-49.594937,1.440000,-51.034937
743,28.131982,28.620965,27.740965,29.740965,noise,none,0.000000,-12,284.698245,-52.885536,1.440000,-54.325536
744,29.119249,29.807249,28.927249,30.927249,noise,buy_from_mm,30.927249,-13,315.625494,-62.924740,1.690000,-64.614740
745,28.615010,28.278434,27.408434,29.408434,noise,buy_from_mm,29.408434,-14,345.033929,-55.576218,1.960000,-57.536218
746,29.260357,28.620584,27.760584,29.760584,noise,none,0.000000,-14,345.033929,-64.611065,1.960000,-66.571065
747,27.610875,27.623079,26.763079,28.763079,noise,none,0.000000,-14,345.033929,-41.518324,1.960000,-43.478324
748,27.539865,28.379447,27.519447,29.519447,informed,none,0.000000,-14,345.033929,-40.524186,1.960000,-42.484186
749,27.423666,27.101624,26.241624,28.241624,informed,none,0.000000,-14,345.033929,-38.897399,1.960000,-40.857399
750,25.429282,25.121021,24.261021,26.261021,noise,none,0.000000,-14,345.033929,-10.976016,1.960000,-12.936016
751,24.599988,24.157276,23.297276,25.297276,noise,buy_from_mm,25.297276,-15,370.331204,1.331383,2.250000,-0.918617
752,24.966287,23.691983,22.841983,24.841983,noise,none,0.000000,-15,370.331204,-4.163099,2.250000,-6.413099
753,22.863723,23.547302,22.697302,24.697302,noise,none,0.000000,-15,370.331204,27.375354,2.250000,25.125354
754,22.708193,22.544409,21.694409,23.694409,noise,none,0.000000,-15,370.331204,29.708311,2.250000,27.458311
755,21.200865,22.061080,21.211080,23.211080,informed,sell_to_mm,21.211080,-14,349.120124,52.308017,1.960000,50.348017
756,21.976312,21.063627,20.203627,22.203627,informed,none,0.000000,-14,349.120124,41.451759,1.960000,39.491759
757,23.129166,23.930102,23.070102,25.070102,informed,none,0.000000,-14,349.120124,25.311801,1.960000,23.351801
758,23.326294,23.204585,22.344585,24.344585,noise,none,0.000000,-14,349.120124,22.552004,1.960000,20.592004
759,24.191733,24.480242,23.620242,25.620242,noise,sell_to_mm,23.620242,-13,325.499883,11.007356,1.690000,9.317356
760,23.534928,23.423828,22.553828,24.553828,noise,none,0.000000,-13,325.499883,19.545822,1.690000,17.855822
761,23.909157,23.065635,22.195635,24.195635,informed,none,0.000000,-13,325.499883,14.680838,1.690000,12.990838
762,24.117142,23.989169,23.119169,25.119169,informed,none,0.000000,-13,325.499883,11.977043,1.690000,10.287043
763,24.336803,24.648921,23.778921,25.778921,noise,none,0.000000,-13,325.499883,9.121441,1.690000,7.431441
764,22.831207,22.353597,21.483597,23.483597,informed,none,0.000000,-13,325.499883,28.694198,1.690000,27.004198
765,22.460645,22.347426,21.477426,23.477426,informed,none,0.000000,-13,325.499883,33.511501,1.690000,31.821501
766,23.134905,23.454269,22.584269,24.584269,informed,none,0.000000,-13,325.499883,24.746116,1.690000,23.056116
767,22.824526,23.049849,22.179849,24.179849,noise,sell_to_mm,22.179849,-12,303.320034,29.425724,1.440000,27.985724
768,24.243521,24.723514,23.843514,25.843514,informed,none,0.000000,-12,303.320034,12.397782,1.440000,10.957782
769,24.142785,24.151677,23.271677,25.271677,informed,none,0.000000,-12,303.320034,13.606619,1.440000,12.166619
770,24.240427,24.399416,23.519416,25.519416,noise,none,0.000000,-12,303.320034,12.434907,1.440000,10.994907
771,23.488281,23.575279,22.695279,24.695279,informed,none,0.000000,-12,303.320034,21.460666,1.440000,20.020666
772,21.560726,21.084914,20.204914,22.204914,noise,none,0.000000,-12,303.320034,44.591323,1.440000,43.151323
773,21.001300,20.836840,19.956840,21.956840,informed,none,0.000000,-12,303.320034,51.304437,1.440000,49.864437
774,20.360273,20.116931,19.236931,21.236931,informed,none,0.000000,-12,303.320034,58.996753,1.440000,57.556753
775,21.392739,21.645457,20.765457,22.765457,informed,none,0.000000,-12,303.320034,46.607168,1.440000,45.167168
776,23.850592,24.102448,23.222448,25.222448,informed,none,0.000000,-12,303.320034,17.112928,1.440000,15.672928
777,23.254116,24.141379,23.261379,25.261379,noise,none,0.000000,-12,303.320034,24.270639,1.440000,22.830639
778,24.511105,23.859975,22.979975,24.979975,noise,sell_to_mm,22.979975,-11,280.340059,10.717909,1.210000,9.507909
779,24.748974,24.647291,23.757291,25.757291,noise,none,0.000000,-11,280.340059,8.101345,1.210000,6.891345
780,24.085286,23.613250,22.723250,24.723250,informed,none,0.000000,-11,280.340059,15.401916,1.210000,14.191916
781,23.032232,23.196165,22.306165,24.306165,informed,none,0.000000,-11,280.340059,26.985502,1.210000,25.775502
782,23.026029,22.131950,21.241950,23.241950,informed,none,0.000000,-11,280.340059,27.053739,1.210000,25.843739
783,23.452266,23.213070,22.323070,24.323070,noise,buy_from_mm,24.323070,-12,304.663129,23.235941,1.440000,21.795941
784,23.777721,23.971542,23.091542,25.091542,noise,sell_to_mm,23.091542,-11,281.571587,20.016654,1.210000,18.806654
785,23.160810,23.381022,22.491022,24.491022,noise,none,0.000000,-11,281.571587,26.802680,1.210000,25.592680
786,22.229026,22.427850,21.537850,23.537850,informed,none,0.000000,-11,281.571587,37.052297,1.210000,35.842297
787,23.491777,23.857740,22.967740,24.967740,informed,none,0.000000,-11,281.571587,23.162036,1.210000,21.952036
788,24.518321,24.187915,23.297915,25.297915,informed,none,0.000000,-11,281.571587,11.870052,1.210000,10.660052
789,23.809225,24.015614,23.125614,25.125614,informed,none,0.000000,-11,281.571587,19.670107,1.210000,18.460107
790,23.405178,22.995100,22.105100,24.105100,noise,buy_from_mm,24.105100,-12,305.676687,24.814547,1.440000,23.374547
791,22.626266,22.177730,21.297730,23.297730,informed,none,0.000000,-12,305.676687,34.161491,1.440000,32.721491
792,22.606910,21.783492,20.903492,22.903492,informed,none,0.000000,-12,305.676687,34.393762,1.440000,32.953762
793,24.699648,25.212691,24.332691,26.332691,noise,none,0.000000,-12,305.676687,9.280911,1.440000,7.840911
794,25.526453,24.958289,24.078289,26.078289,noise,none,0.000000,-12,305.676687,-0.640745,1.440000,-2.080745
795,26.016336,26.613358,25.733358,27.733358,noise,none,0.000000,-12,305.676687,-6.519350,1.440000,-7.959350
796,26.369992,25.578045,24.698045,26.698045,informed,none,0.000000,-12,305.676687,-10.763219,1.440000,-12.203219
797,26.667992,27.150226,26.270226,28.270226,informed,none,0.000000,-12,305.676687,-14.339222,1.440000,-15.779222
798,26.439559,25.759149,24.879149,26.879149,noise,none,0.000000,-12,305.676687,-11.598019,1.440000,-13.038019
799,26.327340,27.551667,26.671667,28.671667,informed,sell_to_mm,26.671667,-11,279.005020,-10.595723,1.210000,-11.805723
800,26.233396,26.105811,25.215811,27.215811,informed,none,0.000000,-11,279.005020,-9.562337,1.210000,-10.772337
801,26.066496,26.136785,25.246785,27.246785,noise,none,0.000000,-11,279.005020,-7.726437,1.210000,-8.936437
802,27.123290,26.954419,26.064419,28.064419,noise,none,0.000000,-11,279.005020,-19.351173,1.210000,-20.561173
803,24.755137,24.030976,23.140976,25.140976,noise,buy_from_mm,25.140976,-12,304.145996,7.084358,1.440000,5.644358
804,24.249305,24.445096,23.565096,25.565096,noise,sell_to_mm,23.565096,-11,280.580900,13.838541,1.210000,12.628541
805,23.948776,24.117695,23.227695,25.227695,noise,sell_to_mm,23.227695,-10,257.353205,17.865450,1.000000,16.865450
806,24.261518,24.436839,23.536839,25.536839,noise,none,0.000000,-10,257.353205,14.738028,1.000000,13.738028
807,24.611765,24.390760,23.490760,25.490760,noise,buy_from_mm,25.490760,-11,282.843965,12.114551,1.210000,10.904551
808,25.035050,25.923034,25.033034,27.033034,informed,none,0.000000,-11,282.843965,7.458420,1.210000,6.248420
809,25.188677,25.195391,24.305391,26.305391,informed,none,0.000000,-11,282.843965,5.768522,1.210000,4.558522
810,23.730802,23.650762,22.760762,24.760762,noise,none,0.000000,-11,282.843965,21.805140,1.210000,20.595140
811,24.426885,23.824989,22.934989,24.934989,noise,none,0.000000,-11,282.843965,14.148236,1.210000,12.938236
812,25.464650,25.238254,24.348254,26.348254,noise,none,0.000000,-11,282.843965,2.732810,1.210000,1.522810
813,26.145463,25.646538,24.756538,26.756538,noise,none,0.000000,-11,282.843965,-4.756131,1.210000,-5.966131
814,25.771177,25.512415,24.622415,26.622415,informed,none,0.000000,-11,282.843965,-0.638985,1.210000,-1.848985
815,25.289400,25.820461,24.930461,26.930461,noise,none,0.000000,-11,282.843965,4.660566,1.210000,3.450566
816,25.818472,25.068179,24.178179,26.178179,informed,none,0.000000,-11,282.843965,-1.159226,1.210000,-2.369226
817,26.262356,26.389161,25.499161,27.499161,noise,none,0.000000,-11,282.843965,-6.041952,1.210000,-7.251952
818,27.270982,26.877565,25.987565,27.987565,noise,none,0.000000,-11,282.843965,-17.136842,1.210000,-18.346842
819,27.273362,27.262421,26.372421,28.372421,noise,none,0.000000,-11,282.843965,-17.163016,1.210000,-18.373016
820,27.436047,27.055227,26.165227,28.165227,noise,sell_to_mm,26.165227,-10,256.678738,-17.681734,1.000000,-18.681734
821,26.238549,26.010564,25.110564,27.110564,informed,none,0.000000,-10,256.678738,-5.706756,1.000000,-6.706756
822,24.897148,24.573971,23.673971,25.673971,noise,sell_to_mm,23.673971,-9,233.004767,8.930434,0.810000,8.120434
823,25.588655,25.457179,24.547179,26.547179,noise,none,0.000000,-9,233.004767,2.706873,0.810000,1.896873
824,26.320433,25.852379,24.942379,26.942379,noise,none,0.000000,-9,233.004767,-3.879130,0.810000,-4.689130
825,26.923627,26.466466,25.556466,27.556466,informed,none,0.000000,-9,233.004767,-9.307875,0.810000,-10.117875
826,25.895034,24.900011,23.990011,25.990011,noise,buy_from_mm,25.990011,-10,258.994778,0.044441,1.000000,-0.955559
827,25.831499,25.111216,24.211216,26.211216,noise,none,0.000000,-10,258.994778,0.679784,1.000000,-0.320216
828,26.600147,26.949327,26.049327,28.049327,noise,sell_to_mm,26.049327,-9,232.945451,-6.455872,0.810000,-7.265872
829,28.976959,29.518274,28.608274,30.608274,noise,none,0.000000,-9,232.945451,-27.847184,0.810000,-28.657184
830,29.978802,30.013510,29.103510,31.103510,noise,none,0.000000,-9,232.945451,-36.863770,0.810000,-37.673770
831,31.320651,31.560428,30.650428,32.650428,noise,none,0.000000,-9,232.945451,-48.940408,0.810000,-49.750408
832,30.585531,30.932098,30.022098,32.022098,noise,none,0.000000,-9,232.945451,-42.324329,0.810000,-43.134329
833,30.010745,30.382711,29.472711,31.472711,noise,sell_to_mm,29.472711,-8,203.472740,-36.613218,0.640000,-37.253218
834,29.562477,29.108502,28.188502,30.188502,informed,none,0.000000,-8,203.472740,-33.027073,0.640000,-33.667073
835,30.410603,30.359171,29.439171,31.439171,noise,none,0.000000,-8,203.472740,-39.812080,0.640000,-40.452080
836,30.164529,30.820064,29.900064,31.900064,informed,none,0.000000,-8,203.472740,-37.843490,0.640000,-38.483490
837,31.430340,31.805033,30.885033,32.885033,noise,none,0.000000,-8,203.472740,-47.969979,0.640000,-48.609979
838,30.721687,30.856167,29.936167,31.936167,informed,none,0.000000,-8,203.472740,-42.300753,0.640000,-42.940753
839,30.075672,30.192810,29.272810,31.272810,informed,none,0.000000,-8,203.472740,-37.132638,0.640000,-37.772638
840,30.184247,30.391403,29.471403,31.471403,informed,none,0.000000,-8,203.472740,-38.001233,0.640000,-38.641233
841,30.925274,31.185339,30.265339,32.265339,informed,none,0.000000,-8,203.472740,-43.929454,0.640000,-44.569454
842,31.247732,31.421761,30.501761,32.501761,informed,none,0.000000,-8,203.472740,-46.509118,0.640000,-47.149118
843,30.828699,30.813139,29.893139,31.893139,noise,none,0.000000,-8,203.472740,-43.156850,0.640000,-43.796850
844,31.927045,31.623975,30.703975,32.703975,informed,none,0.000000,-8,203.472740,-51.943619,0.640000,-52.583619
845,30.378372,30.259981,29.339981,31.339981,noise,none,0.000000,-8,203.472740,-39.554234,0.640000,-40.194234
846,29.378454,29.150155,28.230155,30.230155,informed,none,0.000000,-8,203.472740,-31.554889,0.640000,-32.194889
847,30.586730,30.882422,29.962422,31.962422,informed,none,0.000000,-8,203.472740,-41.221100,0.640000,-41.861100
848,30.761859,30.084187,29.164187,31.164187,noise,none,0.000000,-8,203.472740,-42.622135,0.640000,-43.262135
849,28.751260,28.698319,27.778319,29.778319,noise,buy_from_mm,29.778319,-9,233.251060,-25.510277,0.810000,-26.320277
850,26.303623,26.711361,25.801361,27.801361,noise,none,0.000000,-9,233.251060,-3.481545,0.810000,-4.291545
851,24.731762,25.214064,24.304064,26.304064,noise,none,0.000000,-9,233.251060,10.665200,0.810000,9.855200
852,24.667585,24.854864,23.944864,25.944864,noise,none,0.000000,-9,233.251060,11.242798,0.810000,10.432798
853,24.894552,24.990372,24.080372,26.080372,noise,none,0.000000,-9,233.251060,9.200090,0.810000,8.390090
854,25.200125,25.941725,25.031725,27.031725,noise,none,0.000000,-9,233.251060,6.449932,0.810000,5.639932
855,24.831965,24.909743,23.999743,25.999743,noise,none,0.000000,-9,233.251060,9.763379,0.810000,8.953379
856,27.016989,27.077892,26.167892,28.167892,informed,none,0.000000,-9,233.251060,-9.901839,0.810000,-10.711839
857,27.549875,27.879660,26.969660,28.969660,noise,none,0.000000,-9,233.251060,-14.697811,0.810000,-15.507811
858,24.978685,24.860896,23.950896,25.950896,informed,none,0.000000,-9,233.251060,8.442894,0.810000,7.632894
859,25.941260,25.797642,24.887642,26.887642,noise,none,0.000000,-9,233.251060,-0.220282,0.810000,-1.030282
860,24.927783,25.301020,24.391020,26.391020,noise,buy_from_mm,26.391020,-10,259.642079,10.364254,1.000000,9.364254
861,26.158504,25.756198,24.856198,26.856198,noise,none,0.000000,-10,259.642079,-1.942961,1.000000,-2.942961
862,25.279403,26.227132,25.327132,27.327132,noise,buy_from_mm,27.327132,-11,286.969212,8.895781,1.210000,7.685781
863,24.930169,24.699288,23.809288,25.809288,noise,none,0.000000,-11,286.969212,12.737353,1.210000,11.527353
864,23.896870,24.190128,23.300128,25.300128,noise,none,0.000000,-11,286.969212,24.103639,1.210000,22.893639
865,23.797781,24.448788,23.558788,25.558788,noise,none,0.000000,-11,286.969212,25.193622,1.210000,23.983622
866,24.451082,23.584421,22.694421,24.694421,noise,sell_to_mm,22.694421,-10,264.274790,19.763973,1.000000,18.763973
867,23.983962,23.564246,22.664246,24.664246,noise,none,0.000000,-10,264.274790,24.435168,1.000000,23.435168
868,23.239030,23.498543,22.598543,24.598543,noise,buy_from_mm,24.598543,-11,288.873334,33.244000,1.210000,32.034000
869,24.255086,23.770242,22.880242,24.880242,noise,none,0.000000,-11,288.873334,22.067390,1.210000,20.857390
870,22.600397,22.819032,21.929032,23.929032,informed,none,0.000000,-11,288.873334,40.268965,1.210000,39.058965
871,22.773123,23.227501,22.337501,24.337501,noise,none,0.000000,-11,288.873334,38.368978,1.210000,37.158978
872,23.774113,23.614889,22.724889,24.724889,noise,sell_to_mm,22.724889,-10,266.148444,28.407313,1.000000,27.407313
873,22.838636,23.160757,22.260757,24.260757,noise,none,0.000000,-10,266.148444,37.762088,1.000000,36.762088
874,24.163088,24.644927,23.744927,25.744927,noise,buy_from_mm,25.744927,-11,291.893372,26.099409,1.210000,24.889409
875,21.889011,21.624226,20.734226,22.734226,noise,none,0.000000,-11,291.893372,51.114251,1.210000,49.904251
876,22.253147,22.633344,21.743344,23.743344,informed,none,0.000000,-11,291.893372,47.108753,1.210000,45.898753
877,21.092219,20.512460,19.622460,21.622460,noise,none,0.000000,-11,291.893372,59.878962,1.210000,58.668962
878,23.120586,22.937592,22.047592,24.047592,noise,none,0.000000,-11,291.893372,37.566931,1.210000,36.356931
879,21.825195,21.222097,20.332097,22.332097,noise,sell_to_mm,20.332097,-10,271.561275,53.309329,1.000000,52.309329
880,21.760416,21.553016,20.653016,22.653016,noise,none,0.000000,-10,271.561275,53.957118,1.000000,52.957118
881,22.038576,22.313132,21.413132,23.413132,noise,buy_from_mm,23.413132,-11,294.974406,52.550076,1.210000,51.340076
882,24.049676,24.227213,23.337213,25.337213,noise,none,0.000000,-11,294.974406,30.427967,1.210000,29.217967
883,23.566850,23.709744,22.819744,24.819744,noise,sell_to_mm,22.819744,-10,272.154663,36.486166,1.000000,35.486166
884,23.454223,24.299420,23.399420,25.399420,noise,buy_from_mm,25.399420,-11,297.554083,39.557629,1.210000,38.347629
885,21.925368,22.255481,21.365481,23.365481,noise,none,0.000000,-11,297.554083,56.375040,1.210000,55.165040
886,21.940313,21.573434,20.683434,22.683434,informed,none,0.000000,-11,297.554083,56.210645,1.210000,55.000645
887,22.450619,22.732330,21.842330,23.842330,informed,none,0.000000,-11,297.554083,50.597276,1.210000,49.387276
888,23.117428,23.010766,22.120766,24.120766,informed,none,0.000000,-11,297.554083,43.262377,1.210000,42.052377
889,24.370226,23.830602,22.940602,24.940602,informed,none,0.000000,-11,297.554083,29.481596,1.210000,28.271596
890,24.744435,24.977410,24.087410,26.087410,noise,buy_from_mm,26.087410,-12,323.641493,26.708272,1.440000,25.268272
891,24.980075,25.331956,24.451956,26.451956,noise,none,0.000000,-12,323.641493,23.880597,1.440000,22.440597
892,25.373659,25.555767,24.675767,26.675767,informed,none,0.000000,-12,323.641493,19.157586,1.440000,17.717586
893,25.697700,25.930178,25.050178,27.050178,noise,none,0.000000,-12,323.641493,15.269098,1.440000,13.829098
894,26.028385,25.247706,24.367706,26.367706,noise,none,0.000000,-12,323.641493,11.300867,1.440000,9.860867
895,25.572366,25.496590,24.616590,26.616590,informed,none,0.000000,-12,323.641493,16.773103,1.440000,15.333103
896,25.123159,25.012774,24.132774,26.132774,noise,none,0.000000,-12,323.641493,22.163587,1.440000,20.723587
897,25.081892,25.732147,24.852147,26.852147,noise,none,0.000000,-12,323.641493,22.658787,1.440000,21.218787
898,24.612742,24.806585,23.926585,25.926585,informed,none,0.000000,-12,323.641493,28.288591,1.440000,26.848591
899,24.502588,24.841857,23.961857,25.961857,noise,buy_from_mm,25.961857,-13,349.603350,31.069704,1.690000,29.379704
900,24.479434,24.264385,23.394385,25.394385,noise,sell_to_mm,23.394385,-12,326.208965,32.455761,1.440000,31.015761
901,24.418794,25.018342,24.138342,26.138342,noise,none,0.000000,-12,326.208965,33.183439,1.440000,31.743439
902,24.870617,24.838063,23.958063,25.958063,noise,none,0.000000,-12,326.208965,27.761565,1.440000,26.321565
903,25.236158,25.331140,24.451140,26.451140,informed,none,0.000000,-12,326.208965,23.375065,1.440000,21.935065
904,24.887680,24.348632,23.468632,25.468632,informed,none,0.000000,-12,326.208965,27.556810,1.440000,26.116810
905,26.353973,25.809366,24.929366,26.929366,noise,buy_from_mm,26.929366,-13,353.138331,10.536680,1.690000,8.846680
906,27.040049,26.715030,25.845030,27.845030,noise,none,0.000000,-13,353.138331,1.617695,1.690000,-0.072305
907,26.734136,26.777906,25.907906,27.907906,informed,none,0.000000,-13,353.138331,5.594566,1.690000,3.904566
908,28.473288,28.895617,28.025617,30.025617,noise,none,0.000000,-13,353.138331,-17.014409,1.690000,-18.704409
909,26.753058,27.515829,26.645829,28.645829,noise,sell_to_mm,26.645829,-12,326.492501,5.455805,1.440000,4.015805
910,27.142970,27.965971,27.085971,29.085971,informed,none,0.000000,-12,326.492501,0.776865,1.440000,-0.663135
911,27.346516,27.251434,26.371434,28.371434,noise,none,0.000000,-12,326.492501,-1.665690,1.440000,-3.105690
912,27.305908,28.299444,27.419444,29.419444,noise,none,0.000000,-12,326.492501,-1.178390,1.440000,-2.618390
913,27.487197,27.816443,26.936443,28.936443,noise,none,0.000000,-12,326.492501,-3.353869,1.440000,-4.793869
914,28.131503,28.793057,27.913057,29.913057,noise,none,0.000000,-12,326.492501,-11.085540,1.440000,-12.525540
915,27.577006,28.144790,27.264790,29.264790,noise,none,0.000000,-12,326.492501,-4.431566,1.440000,-5.871566
916,25.304123,24.832150,23.952150,25.952150,informed,none,0.000000,-12,326.492501,22.843026,1.440000,21.403026
917,23.352944,22.357695,21.477695,23.477695,noise,none,0.000000,-12,326.492501,46.257174,1.440000,44.817174
918,22.993330,23.297959,22.417959,24.417959,noise,buy_from_mm,24.417959,-13,350.910460,51.997177,1.690000,50.307177
919,25.440731,25.630890,24.760890,26.760890,informed,none,0.000000,-13,350.910460,20.180960,1.690000,18.490960
920,26.543416,26.225802,25.355802,27.355802,noise,buy_from_mm,27.355802,-14,378.266263,6.658437,1.960000,4.698437
921,27.728213,27.910586,27.050586,29.050586,informed,none,0.000000,-14,378.266263,-9.928718,1.960000,-11.888718
922,26.338697,26.487131,25.627131,27.627131,noise,none,0.000000,-14,378.266263,9.524508,1.960000,7.564508
923,24.597457,25.024226,24.164226,26.164226,noise,buy_from_mm,26.164226,-15,404.430489,35.468635,2.250000,33.218635
924,26.572781,25.529826,24.679826,26.679826,noise,none,0.000000,-15,404.430489,5.838781,2.250000,3.588781
925,26.715252,26.847125,25.997125,27.997125,noise,none,0.000000,-15,404.430489,3.701712,2.250000,1.451712
926,24.728604,24.830672,23.980672,25.980672,noise,buy_from_mm,25.980672,-16,430.411161,34.753500,2.560000,32.193500
927,25.298379,24.672322,23.832322,25.832322,noise,none,0.000000,-16,430.411161,25.637101,2.560000,23.077101
928,27.494401,27.306265,26.466265,28.466265,informed,none,0.000000,-16,430.411161,-9.499250,2.560000,-12.059250
929,27.950006,28.363628,27.523628,29.523628,informed,none,0.000000,-16,430.411161,-16.788941,2.560000,-19.348941
930,27.844436,28.685308,27.845308,29.845308,noise,none,0.000000,-16,430.411161,-15.099814,2.560000,-17.659814
931,27.652941,28.394754,27.554754,29.554754,noise,none,0.000000,-16,430.411161,-12.035901,2.560000,-14.595901
932,27.602834,28.275630,27.435630,29.435630,noise,none,0.000000,-16,430.411161,-11.234179,2.560000,-13.794179
933,27.146706,27.287246,26.447246,28.447246,informed,none,0.000000,-16,430.411161,-3.936133,2.560000,-6.496133
934,28.145764,28.611292,27.771292,29.771292,noise,none,0.000000,-16,430.411161,-19.921063,2.560000,-22.481063
935,29.876147,29.316215,28.476215,30.476215,informed,none,0.000000,-16,430.411161,-47.607188,2.560000,-50.167188
936,29.987620,29.749335,28.909335,30.909335,informed,none,0.000000,-16,430.411161,-49.390752,2.560000,-51.950752
937,31.076334,31.241844,30.401844,32.401844,informed,none,0.000000,-16,430.411161,-66.810189,2.560000,-69.370189
938,30.716411,30.613989,29.773989,31.773989,informed,none,0.000000,-16,430.411161,-61.051411,2.560000,-63.611411
939,30.713662,30.962095,30.122095,32.122095,noise,buy_from_mm,32.122095,-17,462.533256,-59.598996,2.890000,-62.488996
940,30.422878,30.915003,30.085003,32.085003,noise,none,0.000000,-17,462.533256,-54.655676,2.890000,-57.545676
941,31.797238,31.696886,30.866886,32.866886,informed,none,0.000000,-17,462.533256,-78.019798,2.890000,-80.909798
942,34.061421,33.196247,32.366247,34.366247,noise,none,0.000000,-17,462.533256,-116.510908,2.890000,-119.400908
943,34.351246,34.572381,33.742381,35.742381,informed,none,0.000000,-17,462.533256,-121.437924,2.890000,-124.327924
944,34.302619,34.077379,33.247379,35.247379,informed,none,0.000000,-17,462.533256,-120.611271,2.890000,-123.501271
945,34.482246,34.958730,34.128730,36.128730,informed,none,0.000000,-17,462.533256,-123.664921,2.890000,-126.554921
946,34.202324,34.553695,33.723695,35.723695,noise,none,0.000000,-17,462.533256,-118.906250,2.890000,-121.796250
947,32.552636,33.041513,32.211513,34.211513,informed,none,0.000000,-17,462.533256,-90.861553,2.890000,-93.751553
948,29.727889,29.694955,28.864955,30.864955,noise,none,0.000000,-17,462.533256,-42.840857,2.890000,-45.730857
949,29.807823,28.730151,27.900151,29.900151,informed,none,0.000000,-17,462.533256,-44.199727,2.890000,-47.089727
950,28.473134,29.050829,28.220829,30.220829,informed,none,0.000000,-17,462.533256,-21.510027,2.890000,-24.400027
951,29.317578,29.711384,28.881384,30.881384,noise,sell_to_mm,28.881384,-16,433.651872,-35.429374,2.560000,-37.989374
952,28.156358,28.693579,27.853579,29.853579,noise,buy_from_mm,29.853579,-17,463.505451,-15.152628,2.890000,-18.042628
953,29.928387,30.010624,29.180624,31.180624,informed,none,0.000000,-17,463.505451,-45.277133,2.890000,-48.167133
954,30.540785,30.440217,29.610217,31.610217,informed,none,0.000000,-17,463.505451,-55.687898,2.890000,-58.577898
955,30.189741,29.450619,28.620619,30.620619,noise,none,0.000000,-17,463.505451,-49.720138,2.890000,-52.610138
956,28.778693,29.373581,28.543581,30.543581,noise,buy_from_mm,30.543581,-18,494.049033,-23.967433,3.240000,-27.207433
957,29.225977,29.043698,28.223698,30.223698,noise,none,0.000000,-18,494.049033,-32.018556,3.240000,-35.258556
958,29.978888,29.530744,28.710744,30.710744,informed,none,0.000000,-18,494.049033,-45.570951,3.240000,-48.810951
959,30.845714,30.933012,30.113012,32.113012,noise,buy_from_mm,32.113012,-19,526.162045,-59.906517,3.610000,-63.516517
960,29.434564,29.901574,29.091574,31.091574,informed,none,0.000000,-19,526.162045,-33.094666,3.610000,-36.704666
961,29.556287,30.560129,29.750129,31.750129,informed,sell_to_mm,29.750129,-18,496.411916,-35.601246,3.240000,-38.841246
962,30.505869,29.582521,28.762521,30.762521,noise,none,0.000000,-18,496.411916,-52.693720,3.240000,-55.933720
963,29.936643,30.230609,29.410609,31.410609,noise,buy_from_mm,31.410609,-19,527.822525,-40.973693,3.610000,-44.583693
964,29.485468,30.066511,29.256511,31.256511,noise,none,0.000000,-19,527.822525,-32.401368,3.610000,-36.011368
965,30.828880,31.141557,30.331557,32.331557,noise,none,0.000000,-19,527.822525,-57.926187,3.610000,-61.536187
966,30.850785,30.501717,29.691717,31.691717,noise,none,0.000000,-19,527.822525,-58.342399,3.610000,-61.952399
967,31.700405,31.086645,30.276645,32.276645,informed,none,0.000000,-19,527.822525,-74.485161,3.610000,-78.095161
968,33.144934,32.577264,31.767264,33.767264,noise,none,0.000000,-19,527.822525,-101.931215,3.610000,-105.541215
969,34.431429,34.288099,33.478099,35.478099,noise,buy_from_mm,35.478099,-20,563.300624,-125.327953,4.000000,-129.327953
970,35.346098,35.203656,34.403656,36.403656,informed,none,0.000000,-20,563.300624,-143.621333,4.000000,-147.621333
971,35.041786,34.969677,34.169677,36.169677,noise,sell_to_mm,34.169677,-19,529.130946,-136.662994,3.610000,-140.272994
972,36.088456,36.049767,35.239767,37.239767,informed,none,0.000000,-19,529.130946,-156.549716,3.610000,-160.159716
973,35.357981,35.228575,34.418575,36.418575,informed,none,0.000000,-19,529.130946,-142.670698,3.610000,-146.280698
974,35.554488,35.845378,35.035378,37.035378,noise,none,0.000000,-19,529.130946,-146.404327,3.610000,-150.014327
975,37.200879,35.621419,34.811419,36.811419,noise,none,0.000000,-19,529.130946,-177.685752,3.610000,-181.295752
976,37.314957,36.740692,35.930692,37.930692,informed,none,0.000000,-19,529.130946,-179.853236,3.610000,-183.463236
977,38.751073,39.374535,38.564535,40.564535,informed,none,0.000000,-19,529.130946,-207.139437,3.610000,-210.749437
978,38.650262,39.157462,38.347462,40.347462,noise,buy_from_mm,40.347462,-20,569.478408,-203.526829,4.000000,-207.526829
979,38.737300,39.073763,38.273763,40.273763,informed,none,0.000000,-20,569.478408,-205.267587,4.000000,-209.267587
980,37.321188,36.715806,35.915806,37.915806,noise,none,0.000000,-20,569.478408,-176.945355,4.000000,-180.945355
981,35.954612,36.329796,35.529796,37.529796,informed,none,0.000000,-20,569.478408,-149.613827,4.000000,-153.613827
982,36.705486,36.616919,35.816919,37.816919,noise,buy_from_mm,37.816919,-21,607.295327,-163.519870,4.410000,-167.929870
983,36.126725,36.483608,35.693608,37.693608,noise,none,0.000000,-21,607.295327,-151.365896,4.410000,-155.775896
984,34.552463,34.743400,33.953400,35.953400,noise,none,0.000000,-21,607.295327,-118.306390,4.410000,-122.716390
985,33.842989,33.494203,32.704203,34.704203,informed,none,0.000000,-21,607.295327,-103.407449,4.410000,-107.817449
986,34.332225,34.500124,33.710124,35.710124,noise,none,0.000000,-21,607.295327,-113.681396,4.410000,-118.091396
987,33.700708,34.364299,33.574299,35.574299,informed,none,0.000000,-21,607.295327,-100.419531,4.410000,-104.829531
988,33.248858,33.007016,32.217016,34.217016,noise,none,0.000000,-21,607.295327,-90.930683,4.410000,-95.340683
989,31.753394,31.900536,31.110536,33.110536,noise,none,0.000000,-21,607.295327,-59.525945,4.410000,-63.935945
990,32.368360,33.017652,32.227652,34.227652,informed,none,0.000000,-21,607.295327,-72.440241,4.410000,-76.850241
991,32.353171,32.556999,31.766999,33.766999,noise,none,0.000000,-21,607.295327,-72.121270,4.410000,-76.531270
992,32.295024,32.224085,31.434085,33.434085,informed,none,0.000000,-21,607.295327,-70.900181,4.410000,-75.310181
993,32.346191,32.486023,31.696023,33.696023,noise,none,0.000000,-21,607.295327,-71.974680,4.410000,-76.384680
994,33.171866,33.068915,32.278915,34.278915,informed,none,0.000000,-21,607.295327,-89.313849,4.410000,-93.723849
995,30.861140,31.343475,30.553475,32.553475,noise,none,0.000000,-21,607.295327,-40.788605,4.410000,-45.198605
996,30.668758,30.644921,29.854921,31.854921,noise,none,0.000000,-21,607.295327,-36.748588,4.410000,-41.158588
997,30.098085,30.049718,29.259718,31.259718,informed,none,0.000000,-21,607.295327,-24.764447,4.410000,-29.174447
998,29.440713,29.331428,28.541428,30.541428,noise,none,0.000000,-21,607.295327,-10.959651,4.410000,-15.369651
999,30.588588,30.488910,29.698910,31.698910,noise,none,0.000000,-21,607.295327,-35.065011,4.410000,-39.475011
1000,29.851387,30.473120,29.683120,31.683120,noise,none,0.000000,-21,607.295327,-19.583794,4.410000,-23.993794
1001,29.533252,30.246791,29.456791,31.456791,informed,none,0.000000,-21,607.295327,-12.902969,4.410000,-17.312969
1002,30.257344,30.356233,29.566233,31.566233,noise,none,0.000000,-21,607.295327,-28.108886,4.410000,-32.518886
1003,30.502256,30.603543,29.813543,31.813543,noise,none,0.000000,-21,607.295327,-33.252052,4.410000,-37.662052
1004,31.523429,31.461995,30.671995,32.671995,informed,none,0.000000,-21,607.295327,-54.696679,4.410000,-59.106679
1005,30.756140,30.553366,29.763366,31.763366,informed,none,0.000000,-21,607.295327,-38.583617,4.410000,-42.993617
1006,30.343897,30.367033,29.577033,31.577033,informed,none,0.000000,-21,607.295327,-29.926504,4.410000,-34.336504
1007,32.331001,32.998605,32.208605,34.208605,informed,none,0.000000,-21,607.295327,-71.655697,4.410000,-76.065697
1008,35.117551,35.524814,34.734814,36.734814,noise,none,0.000000,-21,607.295327,-130.173247,4.410000,-134.583247
1009,34.980180,35.895688,35.105688,37.105688,informed,sell_to_mm,35.105688,-20,572.189639,-127.413955,4.000000,-131.413955
1010,34.102477,33.984676,33.184676,35.184676,informed,none,0.000000,-20,572.189639,-109.859907,4.000000,-113.859907
1011,34.065927,33.292996,32.492996,34.492996,informed,none,0.000000,-20,572.189639,-109.128906,4.000000,-113.128906
1012,33.918893,33.814179,33.014179,35.014179,informed,none,0.000000,-20,572.189639,-106.188225,4.000000,-110.188225
1013,33.968244,34.376857,33.576857,35.576857,noise,buy_from_mm,35.576857,-21,607.766496,-105.566629,4.410000,-109.976629
1014,33.162309,33.494655,32.704655,34.704655,informed,none,0.000000,-21,607.766496,-88.641983,4.410000,-93.051983
1015,33.472844,32.928043,32.138043,34.138043,noise,none,0.000000,-21,607.766496,-95.163230,4.410000,-99.573230
1016,33.691003,33.548175,32.758175,34.758175,informed,none,0.000000,-21,607.766496,-99.744577,4.410000,-104.154577
1017,34.045681,33.901496,33.111496,35.111496,noise,none,0.000000,-21,607.766496,-107.192802,4.410000,-111.602802
1018,34.396209,34.953297,34.163297,36.163297,informed,none,0.000000,-21,607.766496,-114.553892,4.410000,-118.963892
1019,35.800835,36.021696,35.231696,37.231696,noise,none,0.000000,-21,607.766496,-144.051041,4.410000,-148.461041
1020,36.732198,36.487708,35.697708,37.697708,noise,none,0.000000,-21,607.766496,-163.609662,4.410000,-168.019662
1021,34.767641,34.831861,34.041861,36.041861,noise,sell_to_mm,34.041861,-20,573.724635,-121.628194,4.000000,-125.628194
1022,34.072356,33.218969,32.418969,34.418969,noise,none,0.000000,-20,573.724635,-107.722494,4.000000,-111.722494
1023,34.102589,33.792397,32.992397,34.992397,informed,none,0.000000,-20,573.724635,-108.327146,4.000000,-112.327146
1024,35.311186,34.759861,33.959861,35.959861,informed,none,0.000000,-20,573.724635,-132.499084,4.000000,-136.499084
1025,35.044736,34.850208,34.050208,36.050208,noise,none,0.000000,-20,573.724635,-127.170087,4.000000,-131.170087
1026,35.193379,34.491014,33.691014,35.691014,noise,none,0.000000,-20,573.724635,-130.142939,4.000000,-134.142939
1027,35.169288,35.290259,34.490259,36.490259,noise,none,0.000000,-20,573.724635,-129.661132,4.000000,-133.661132
1028,34.585513,34.508248,33.708248,35.708248,noise,buy_from_mm,35.708248,-21,609.432883,-116.862897,4.410000,-121.272897
1029,35.866101,36.497129,35.707129,37.707129,noise,none,0.000000,-21,609.432883,-143.755235,4.410000,-148.165235
1030,36.074561,35.910309,35.120309,37.120309,informed,none,0.000000,-21,609.432883,-148.132896,4.410000,-152.542896
1031,36.781638,36.182529,35.392529,37.392529,noise,sell_to_mm,35.392529,-20,574.040354,-161.592399,4.000000,-165.592399
1032,36.868359,36.016852,35.216852,37.216852,informed,none,0.000000,-20,574.040354,-163.326833,4.000000,-167.326833
1033,35.607645,35.783068,34.983068,36.983068,noise,none,0.000000,-20,574.040354,-138.112550,4.000000,-142.112550
1034,35.853753,35.929117,35.129117,37.129117,informed,none,0.000000,-20,574.040354,-143.034712,4.000000,-147.034712
1035,35.356549,36.079494,35.279494,37.279494,informed,none,0.000000,-20,574.040354,-133.090626,4.000000,-137.090626
1036,36.509348,36.897799,36.097799,38.097799,noise,none,0.000000,-20,574.040354,-156.146611,4.000000,-160.146611
1037,36.369534,36.359385,35.559385,37.559385,informed,none,0.000000,-20,574.040354,-153.350326,4.000000,-157.350326
1038,34.232916,34.914571,34.114571,36.114571,informed,none,0.000000,-20,574.040354,-110.617971,4.000000,-114.617971
1039,34.551744,36.097009,35.297009,37.297009,noise,sell_to_mm,35.297009,-19,538.743345,-117.739789,3.610000,-121.349789
1040,34.140371,33.832680,33.022680,35.022680,noise,none,0.000000,-19,538.743345,-109.923703,3.610000,-113.533703
1041,35.572174,36.429950,35.619950,37.619950,noise,buy_from_mm,37.619950,-20,576.363295,-135.080183,4.000000,-139.080183
1042,36.445796,36.284009,35.484009,37.484009,informed,none,0.000000,-20,576.363295,-152.552627,4.000000,-156.552627
1043,36.719521,36.206135,35.406135,37.406135,informed,none,0.000000,-20,576.363295,-158.027132,4.000000,-162.027132
1044,37.280882,36.551716,35.751716,37.751716,noise,none,0.000000,-20,576.363295,-169.254352,4.000000,-173.254352
1045,37.452020,37.879299,37.079299,39.079299,informed,none,0.000000,-20,576.363295,-172.677105,4.000000,-176.677105
1046,37.299601,37.971689,37.171689,39.171689,noise,sell_to_mm,37.171689,-19,539.191606,-169.500822,3.610000,-173.110822
1047,36.280482,37.770946,36.960946,38.960946,noise,buy_from_mm,38.960946,-20,578.152552,-147.457089,4.000000,-151.457089
1048,35.686656,35.097581,34.297581,36.297581,informed,none,0.000000,-20,578.152552,-135.580570,4.000000,-139.580570
1049,35.010409,34.981233,34.181233,36.181233,noise,none,0.000000,-20,578.152552,-122.055637,4.000000,-126.055637
1050,33.584578,34.889263,34.089263,36.089263,informed,sell_to_mm,34.089263,-19,544.063289,-94.043694,3.610000,-97.653694
1051,34.513093,33.379803,32.569803,34.569803,informed,none,0.000000,-19,544.063289,-111.685474,3.610000,-115.295474
1052,32.270548,32.856358,32.046358,34.046358,noise,sell_to_mm,32.046358,-18,512.016931,-68.852933,3.240000,-72.092933
1053,31.171194,30.763154,29.943154,31.943154,informed,none,0.000000,-18,512.016931,-49.064557,3.240000,-52.304557
1054,31.614572,32.681639,31.861639,33.861639,informed,sell_to_mm,31.861639,-17,480.155292,-57.292427,2.890000,-60.182427
1055,30.795480,31.515332,30.685332,32.685332,informed,none,0.000000,-17,480.155292,-43.367863,2.890000,-46.257863
1056,30.990712,30.765295,29.935295,31.935295,noise,none,0.000000,-17,480.155292,-46.686810,2.890000,-49.576810
1057,30.495822,30.290046,29.460046,31.460046,noise,none,0.000000,-17,480.155292,-38.273686,2.890000,-41.163686
1058,30.152611,30.252930,29.422930,31.422930,noise,none,0.000000,-17,480.155292,-32.439100,2.890000,-35.329100
1059,28.626653,28.576976,27.746976,29.746976,noise,none,0.000000,-17,480.155292,-6.497815,2.890000,-9.387815
1060,29.015054,29.119867,28.289867,30.289867,informed,none,0.000000,-17,480.155292,-13.100626,2.890000,-15.990626
1061,29.533721,29.056187,28.226187,30.226187,noise,none,0.000000,-17,480.155292,-21.917973,2.890000,-24.807973
1062,30.717470,30.082117,29.252117,31.252117,informed,none,0.000000,-17,480.155292,-42.041705,2.890000,-44.931705
1063,29.620218,29.567446,28.737446,30.737446,informed,none,0.000000,-17,480.155292,-23.388421,2.890000,-26.278421
1064,29.402808,28.761222,27.931222,29.931222,noise,none,0.000000,-17,480.155292,-19.692438,2.890000,-22.582438
1065,28.651080,28.692999,27.862999,29.862999,noise,none,0.000000,-17,480.155292,-6.913073,2.890000,-9.803073
1066,28.655786,27.504917,26.674917,28.674917,informed,none,0.000000,-17,480.155292,-6.993065,2.890000,-9.883065
1067,29.618940,29.814529,28.984529,30.984529,informed,none,0.000000,-17,480.155292,-23.366687,2.890000,-26.256687
1068,30.880827,30.595176,29.765176,31.765176,informed,none,0.000000,-17,480.155292,-44.818767,2.890000,-47.708767
1069,31.143378,31.296131,30.466131,32.466131,informed,none,0.000000,-17,480.155292,-49.282139,2.890000,-52.172139
1070,30.594767,30.572244,29.742244,31.742244,noise,none,0.000000,-17,480.155292,-39.955743,2.890000,-42.845743
1071,30.064042,31.167021,30.337021,32.337021,noise,none,0.000000,-17,480.155292,-30.933423,2.890000,-33.823423
1072,30.665761,29.900399,29.070399,31.070399,informed,none,0.000000,-17,480.155292,-41.162647,2.890000,-44.052647
1073,30.108127,30.045780,29.215780,31.215780,noise,sell_to_mm,29.215780,-16,450.939512,-30.790525,2.560000,-33.350525
1074,31.819082,31.145937,30.305937,32.305937,noise,sell_to_mm,30.305937,-15,420.633575,-56.652656,2.250000,-58.902656
1075,33.243294,34.000741,33.150741,35.150741,informed,none,0.000000,-15,420.633575,-78.015837,2.250000,-80.265837
1076,34.937280,34.364916,33.514916,35.514916,informed,none,0.000000,-15,420.633575,-103.425625,2.250000,-105.675625
1077,36.711226,36.125225,35.275225,37.275225,informed,none,0.000000,-15,420.633575,-130.034816,2.250000,-132.284816
1078,37.281385,37.556795,36.706795,38.706795,informed,none,0.000000,-15,420.633575,-138.587199,2.250000,-140.837199
1079,37.035130,36.896500,36.046500,38.046500,noise,none,0.000000,-15,420.633575,-134.893376,2.250000,-137.143376
1080,37.568117,37.602497,36.752497,38.752497,informed,none,0.000000,-15,420.633575,-142.888181,2.250000,-145.138181
1081,36.171650,36.274457,35.424457,37.424457,noise,buy_from_mm,37.424457,-16,458.058031,-120.688365,2.560000,-123.248365
1082,35.353530,35.728577,34.888577,36.888577,noise,none,0.000000,-16,458.058031,-107.598455,2.560000,-110.158455
1083,34.978449,34.332645,33.492645,35.492645,informed,none,0.000000,-16,458.058031,-101.597145,2.560000,-104.157145
1084,34.138209,34.020009,33.180009,35.180009,noise,none,0.000000,-16,458.058031,-88.153307,2.560000,-90.713307
1085,36.132599,35.952596,35.112596,37.112596,noise,none,0.000000,-16,458.058031,-120.063560,2.560000,-122.623560
1086,37.422186,37.319058,36.479058,38.479058,informed,none,0.000000,-16,458.058031,-140.696938,2.560000,-143.256938
1087,37.648820,37.618576,36.778576,38.778576,informed,none,0.000000,-16,458.058031,-144.323082,2.560000,-146.883082
1088,36.855700,36.254120,35.414120,37.414120,noise,buy_from_mm,37.414120,-17,495.472151,-131.074742,2.890000,-133.964742
1089,38.201961,37.494594,36.664594,38.664594,noise,none,0.000000,-17,495.472151,-153.961189,2.890000,-156.851189
1090,36.968741,36.362193,35.532193,37.532193,noise,none,0.000000,-17,495.472151,-132.996447,2.890000,-135.886447
1091,38.675064,38.646163,37.816163,39.816163,informed,none,0.000000,-17,495.472151,-162.003929,2.890000,-164.893929
1092,38.845880,38.548536,37.718536,39.718536,informed,none,0.000000,-17,495.472151,-164.907808,2.890000,-167.797808
1093,39.960058,39.957990,39.127990,41.127990,informed,none,0.000000,-17,495.472151,-183.848839,2.890000,-186.738839
1094,39.968323,40.413748,39.583748,41.583748,noise,none,0.000000,-17,495.472151,-183.989338,2.890000,-186.879338
1095,39.603802,39.325296,38.495296,40.495296,informed,none,0.000000,-17,495.472151,-177.792489,2.890000,-180.682489
1096,40.074383,39.982487,39.152487,41.152487,noise,none,0.000000,-17,495.472151,-185.792363,2.890000,-188.682363
1097,38.782707,37.970818,37.140818,39.140818,noise,buy_from_mm,39.140818,-18,534.612969,-163.475761,3.240000,-166.715761
1098,38.960586,39.558671,38.738671,40.738671,informed,none,0.000000,-18,534.612969,-166.677577,3.240000,-169.917577
1099,41.115634,41.194914,40.374914,42.374914,informed,none,0.000000,-18,534.612969,-205.468451,3.240000,-208.708451
1100,42.397854,42.706445,41.886445,43.886445,informed,none,0.000000,-18,534.612969,-228.548409,3.240000,-231.788409
1101,42.502023,42.178609,41.358609,43.358609,noise,none,0.000000,-18,534.612969,-230.423453,3.240000,-233.663453
1102,43.448746,43.247541,42.427541,44.427541,noise,none,0.000000,-18,534.612969,-247.464464,3.240000,-250.704464
1103,42.921367,43.426024,42.606024,44.606024,noise,none,0.000000,-18,534.612969,-237.971637,3.240000,-241.211637
1104,42.378534,41.645613,40.825613,42.825613,informed,none,0.000000,-18,534.612969,-228.200640,3.240000,-231.440640
1105,43.165215,43.287788,42.467788,44.467788,informed,none,0.000000,-18,534.612969,-242.360893,3.240000,-245.600893
1106,42.451779,42.200783,41.380783,43.380783,informed,none,0.000000,-18,534.612969,-229.519046,3.240000,-232.759046
1107,43.273214,43.007588,42.187588,44.187588,noise,none,0.000000,-18,534.612969,-244.304882,3.240000,-247.544882
1108,42.567135,42.288219,41.468219,43.468219,informed,none,0.000000,-18,534.612969,-231.595465,3.240000,-234.835465
1109,43.610135,43.207616,42.387616,44.387616,noise,none,0.000000,-18,534.612969,-250.369454,3.240000,-253.609454
1110,44.652380,44.419852,43.599852,45.599852,noise,buy_from_mm,45.599852,-19,580.212821,-268.182394,3.610000,-271.792394
1111,45.297526,45.460608,44.650608,46.650608,noise,none,0.000000,-19,580.212821,-280.440176,3.610000,-284.050176
1112,44.915063,46.416203,45.606203,47.606203,informed,sell_to_mm,45.606203,-18,534.606619,-273.864524,3.240000,-277.104524
1113,45.919785,45.688009,44.868009,46.868009,noise,none,0.000000,-18,534.606619,-291.949503,3.240000,-295.189503
1114,46.786451,46.969690,46.149690,48.149690,informed,none,0.000000,-18,534.606619,-307.549503,3.240000,-310.789503
1115,47.291735,47.262590,46.442590,48.442590,noise,none,0.000000,-18,534.606619,-316.644616,3.240000,-319.884616
1116,48.152696,47.729083,46.909083,48.909083,noise,none,0.000000,-18,534.606619,-332.141910,3.240000,-335.381910
1117,48.189283,48.052072,47.232072,49.232072,noise,none,0.000000,-18,534.606619,-332.800479,3.240000,-336.040479
1118,47.810499,48.275855,47.455855,49.455855,noise,none,0.000000,-18,534.606619,-325.982369,3.240000,-329.222369
1119,48.043089,48.342051,47.522051,49.522051,noise,none,0.000000,-18,534.606619,-330.168981,3.240000,-333.408981
1120,48.806055,49.122923,48.302923,50.302923,informed,none,0.000000,-18,534.606619,-343.902379,3.240000,-347.142379
1121,49.433558,49.951079,49.131079,51.131079,informed,none,0.000000,-18,534.606619,-355.197422,3.240000,-358.437422
1122,49.348781,49.433477,48.613477,50.613477,informed,none,0.000000,-18,534.606619,-353.671443,3.240000,-356.911443
1123,50.254461,50.794630,49.974630,51.974630,informed,none,0.000000,-18,534.606619,-369.973687,3.240000,-373.213687
1124,50.367921,50.769495,49.949495,51.949495,informed,none,0.000000,-18,534.606619,-372.015967,3.240000,-375.255967
1125,50.199481,49.330796,48.510796,50.510796,informed,none,0.000000,-18,534.606619,-368.984036,3.240000,-372.224036
1126,48.895209,48.640872,47.820872,49.820872,informed,none,0.000000,-18,534.606619,-345.507142,3.240000,-348.747142
1127,47.517753,46.864172,46.044172,48.044172,informed,none,0.000000,-18,534.606619,-320.712939,3.240000,-323.952939
1128,46.287683,45.927319,45.107319,47.107319,noise,none,0.000000,-18,534.606619,-298.571674,3.240000,-301.811674
1129,46.368931,47.283718,46.463718,48.463718,noise,none,0.000000,-18,534.606619,-300.034145,3.240000,-303.274145
1130,45.617108,45.059194,44.239194,46.239194,noise,sell_to_mm,44.239194,-17,490.367424,-285.123418,2.890000,-288.013418
1131,46.178439,46.750499,45.920499,47.920499,noise,none,0.000000,-17,490.367424,-294.666042,2.890000,-297.556042
1132,46.273907,46.622115,45.792115,47.792115,noise,none,0.000000,-17,490.367424,-296.288991,2.890000,-299.178991
1133,48.313110,48.898217,48.068217,50.068217,noise,buy_from_mm,50.068217,-18,540.435642,-329.200341,3.240000,-332.440341
1134,48.586310,47.905041,47.085041,49.085041,noise,none,0.000000,-18,540.435642,-334.117936,3.240000,-337.357936
1135,48.050337,47.196876,46.376876,48.376876,noise,sell_to_mm,46.376876,-17,494.058766,-322.796958,2.890000,-325.686958
1136,48.025052,47.385269,46.555269,48.555269,noise,none,0.000000,-17,494.058766,-322.367119,2.890000,-325.257119
1137,47.413968,48.059237,47.229237,49.229237,informed,none,0.000000,-17,494.058766,-311.978696,2.890000,-314.868696
1138,48.158415,48.596743,47.766743,49.766743,noise,buy_from_mm,49.766743,-18,543.825509,-323.025964,3.240000,-326.265964
1139,48.369908,47.692379,46.872379,48.872379,noise,buy_from_mm,48.872379,-19,592.697888,-326.330368,3.610000,-329.940368
1140,49.291131,48.791256,47.981256,49.981256,noise,none,0.000000,-19,592.697888,-343.833602,3.610000,-347.443602
1141,49.553760,49.956498,49.146498,51.146498,noise,buy_from_mm,51.146498,-20,643.844385,-347.230809,4.000000,-351.230809
1142,52.623659,53.216491,52.416491,54.416491,informed,none,0.000000,-20,643.844385,-408.628799,4.000000,-412.628799
1143,53.763507,53.632369,52.832369,54.832369,noise,none,0.000000,-20,643.844385,-431.425764,4.000000,-435.425764
1144,52.802754,53.488284,52.688284,54.688284,informed,none,0.000000,-20,643.844385,-412.210690,4.000000,-416.210690
1145,52.350768,52.255706,51.455706,53.455706,informed,none,0.000000,-20,643.844385,-403.170971,4.000000,-407.170971
1146,51.949808,52.462482,51.662482,53.662482,noise,none,0.000000,-20,643.844385,-395.151774,4.000000,-399.151774
1147,53.086652,53.597319,52.797319,54.797319,noise,buy_from_mm,54.797319,-21,698.641704,-416.177983,4.410000,-420.587983
1148,53.950652,53.953467,53.163467,55.163467,noise,buy_from_mm,55.163467,-22,753.805172,-433.109163,4.840000,-437.949163
1149,54.249916,54.812032,54.032032,56.032032,noise,none,0.000000,-22,753.805172,-439.692987,4.840000,-444.532987
1150,54.346729,53.683758,52.903758,54.903758,noise,none,0.000000,-22,753.805172,-441.822858,4.840000,-446.662858
1151,52.954566,53.338854,52.558854,54.558854,informed,none,0.000000,-22,753.805172,-411.195288,4.840000,-416.035288
1152,53.366161,52.984234,52.204234,54.204234,informed,none,0.000000,-22,753.805172,-420.250373,4.840000,-425.090373
1153,53.599432,53.435738,52.655738,54.655738,noise,none,0.000000,-22,753.805172,-425.382339,4.840000,-430.222339
1154,53.185698,52.522596,51.742596,53.742596,informed,none,0.000000,-22,753.805172,-416.280182,4.840000,-421.120182
1155,52.184985,52.259722,51.479722,53.479722,informed,none,0.000000,-22,753.805172,-394.264508,4.840000,-399.104508
1156,52.113497,51.985373,51.205373,53.205373,informed,none,0.000000,-22,753.805172,-392.691773,4.840000,-397.531773
1157,50.685038,51.013764,50.233764,52.233764,noise,none,0.000000,-22,753.805172,-361.265661,4.840000,-366.105661
1158,52.585732,53.484192,52.704192,54.704192,informed,sell_to_mm,52.704192,-21,701.100979,-403.199403,4.410000,-407.609403
1159,52.924140,52.910704,52.120704,54.120704,informed,none,0.000000,-21,701.100979,-410.305961,4.410000,-414.715961
1160,54.242700,54.796497,54.006497,56.006497,noise,none,0.000000,-21,701.100979,-437.995717,4.410000,-442.405717
1161,53.875955,53.653044,52.863044,54.863044,noise,none,0.000000,-21,701.100979,-430.294074,4.410000,-434.704074
1162,53.103563,53.116168,52.326168,54.326168,noise,none,0.000000,-21,701.100979,-414.073836,4.410000,-418.483836
1163,52.410364,51.726608,50.936608,52.936608,noise,none,0.000000,-21,701.100979,-399.516674,4.410000,-403.926674
1164,51.840938,51.966320,51.176320,53.176320,informed,none,0.000000,-21,701.100979,-387.558726,4.410000,-391.968726
1165,52.682881,52.340961,51.550961,53.550961,informed,none,0.000000,-21,701.100979,-405.239519,4.410000,-409.649519
1166,55.525433,56.110094,55.320094,57.320094,informed,none,0.000000,-21,701.100979,-464.933112,4.410000,-469.343112
1167,56.107107,55.644963,54.854963,56.854963,noise,none,0.000000,-21,701.100979,-477.148260,4.410000,-481.558260
1168,54.767998,54.061306,53.271306,55.271306,noise,none,0.000000,-21,701.100979,-449.026981,4.410000,-453.436981
1169,55.534087,55.245460,54.455460,56.455460,noise,sell_to_mm,54.455460,-20,646.645519,-464.036224,4.000000,-468.036224
1170,54.514579,54.573749,53.773749,55.773749,noise,none,0.000000,-20,646.645519,-443.646067,4.000000,-447.646067
1171,54.016511,53.868466,53.068466,55.068466,informed,none,0.000000,-20,646.645519,-433.684693,4.000000,-437.684693
1172,53.950771,54.988120,54.188120,56.188120,informed,sell_to_mm,54.188120,-19,592.457399,-432.607254,3.610000,-436.217254
1173,53.773022,54.342822,53.532822,55.532822,noise,none,0.000000,-19,592.457399,-429.230019,3.610000,-432.840019
1174,55.180522,55.697264,54.887264,56.887264,noise,none,0.000000,-19,592.457399,-455.972525,3.610000,-459.582525
1175,52.040615,51.660539,50.850539,52.850539,informed,none,0.000000,-19,592.457399,-396.314291,3.610000,-399.924291
1176,51.857607,51.802910,50.992910,52.992910,informed,none,0.000000,-19,592.457399,-392.837142,3.610000,-396.447142
1177,51.496589,52.257379,51.447379,53.447379,noise,none,0.000000,-19,592.457399,-385.977787,3.610000,-389.587787
1178,51.627335,51.898368,51.088368,53.088368,noise,none,0.000000,-19,592.457399,-388.461971,3.610000,-392.071971
1179,51.513659,51.801616,50.991616,52.991616,informed,none,0.000000,-19,592.457399,-386.302120,3.610000,-389.912120
1180,52.474445,51.866939,51.056939,53.056939,informed,none,0.000000,-19,592.457399,-404.557058,3.610000,-408.167058
1181,51.838378,51.323129,50.513129,52.513129,noise,none,0.000000,-19,592.457399,-392.471786,3.610000,-396.081786
1182,51.662585,50.879349,50.069349,52.069349,noise,buy_from_mm,52.069349,-20,644.526748,-388.724952,4.000000,-392.724952
1183,50.829451,50.964233,50.164233,52.164233,informed,none,0.000000,-20,644.526748,-372.062273,4.000000,-376.062273
1184,50.061823,49.864235,49.064235,51.064235,noise,none,0.000000,-20,644.526748,-356.709713,4.000000,-360.709713
1185,52.378051,52.571619,51.771619,53.771619,noise,buy_from_mm,53.771619,-21,698.298367,-401.640706,4.410000,-406.050706
1186,53.391674,53.903576,53.113576,55.113576,noise,none,0.000000,-21,698.298367,-422.926779,4.410000,-427.336779
1187,53.018292,52.389946,51.599946,53.599946,noise,none,0.000000,-21,698.298367,-415.085774,4.410000,-419.495774
1188,53.193498,53.292501,52.502501,54.502501,noise,sell_to_mm,52.502501,-20,645.795866,-418.074092,4.000000,-422.074092
1189,52.952124,52.515481,51.715481,53.715481,noise,none,0.000000,-20,645.795866,-413.246623,4.000000,-417.246623
1190,52.890743,52.557432,51.757432,53.757432,noise,none,0.000000,-20,645.795866,-412.018999,4.000000,-416.018999
1191,52.959322,53.706800,52.906800,54.906800,noise,sell_to_mm,52.906800,-19,592.889066,-413.338045,3.610000,-416.948045
1192,52.632854,52.468761,51.658761,53.658761,informed,none,0.000000,-19,592.889066,-407.135162,3.610000,-410.745162
1193,52.245346,52.827899,52.017899,54.017899,noise,none,0.000000,-19,592.889066,-399.772514,3.610000,-403.382514
1194,52.418500,53.505194,52.695194,54.695194,noise,none,0.000000,-19,592.889066,-403.062434,3.610000,-406.672434
1195,52.719726,53.904508,53.094508,55.094508,noise,none,0.000000,-19,592.889066,-408.785731,3.610000,-412.395731
1196,51.752260,52.136025,51.326025,53.326025,noise,sell_to_mm,51.326025,-18,541.563040,-389.977640,3.240000,-393.217640
1197,52.360893,52.489561,51.669561,53.669561,noise,buy_from_mm,53.669561,-19,595.232601,-399.624357,3.610000,-403.234357
1198,52.313171,53.078058,52.268058,54.268058,noise,none,0.000000,-19,595.232601,-398.717641,3.610000,-402.327641
1199,52.884979,52.916907,52.106907,54.106907,informed,none,0.000000,-19,595.232601,-409.582004,3.610000,-413.192004
1200,54.202602,52.887099,52.077099,54.077099,noise,sell_to_mm,52.077099,-18,543.155502,-432.491329,3.240000,-435.731329
1201,54.479074,53.771241,52.951241,54.951241,noise,buy_from_mm,54.951241,-19,598.106744,-436.995657,3.610000,-440.605657
1202,54.991210,53.926227,53.116227,55.116227,noise,none,0.000000,-19,598.106744,-446.726249,3.610000,-450.336249
1203,55.898954,56.795199,55.985199,57.985199,noise,none,0.000000,-19,598.106744,-463.973383,3.610000,-467.583383
1204,57.060089,57.064708,56.254708,58.254708,informed,none,0.000000,-19,598.106744,-486.034949,3.610000,-489.644949
1205,55.714873,55.420657,54.610657,56.610657,informed,none,0.000000,-19,598.106744,-460.475838,3.610000,-464.085838
1206,57.451006,58.012140,57.202140,59.202140,noise,buy_from_mm,59.202140,-20,657.308884,-491.711242,4.000000,-495.711242
1207,57.018476,56.967565,56.167565,58.167565,informed,none,0.000000,-20,657.308884,-483.060645,4.000000,-487.060645
1208,55.115210,54.919617,54.119617,56.119617,informed,none,0.000000,-20,657.308884,-444.995314,4.000000,-448.995314
1209,54.729737,54.625043,53.825043,55.825043,informed,none,0.000000,-20,657.308884,-437.285855,4.000000,-441.285855
1210,56.562073,57.048700,56.248700,58.248700,noise,none,0.000000,-20,657.308884,-473.932580,4.000000,-477.932580
1211,57.614972,58.367991,57.567991,59.567991,noise,none,0.000000,-20,657.308884,-494.990558,4.000000,-498.990558
1212,54.679256,53.404564,52.604564,54.604564,informed,buy_from_mm,54.604564,-21,711.913448,-436.350923,4.410000,-440.760923
1213,54.442521,54.431311,53.641311,55.641311,informed,none,0.000000,-21,711.913448,-431.379497,4.410000,-435.789497
1214,53.412855,53.098126,52.308126,54.308126,noise,none,0.000000,-21,711.913448,-409.756510,4.410000,-414.166510
1215,54.668512,53.891433,53.101433,55.101433,noise,none,0.000000,-21,711.913448,-436.125301,4.410000,-440.535301
1216,55.915366,54.854677,54.064677,56.064677,noise,none,0.000000,-21,711.913448,-462.309234,4.410000,-466.719234
1217,55.015724,54.440845,53.650845,55.650845,noise,none,0.000000,-21,711.913448,-443.416766,4.410000,-447.826766
1218,54.787608,55.672744,54.882744,56.882744,informed,sell_to_mm,54.882744,-20,657.030703,-438.721461,4.000000,-442.721461
1219,54.843465,55.358060,54.558060,56.558060,noise,none,0.000000,-20,657.030703,-439.838593,4.000000,-443.838593
1220,55.827406,55.868644,55.068644,57.068644,noise,none,0.000000,-20,657.030703,-459.517416,4.000000,-463.517416
1221,57.472518,57.113190,56.313190,58.313190,noise,none,0.000000,-20,657.030703,-492.419652,4.000000,-496.419652
1222,56.470604,56.602525,55.802525,57.802525,noise,sell_to_mm,55.802525,-19,601.228179,-471.713290,3.610000,-475.323290
1223,56.736703,56.634502,55.824502,57.824502,noise,none,0.000000,-19,601.228179,-476.769176,3.610000,-480.379176
1224,56.042455,54.988980,54.178980,56.178980,noise,none,0.000000,-19,601.228179,-463.578466,3.610000,-467.188466
1225,58.032348,58.461521,57.651521,59.651521,noise,none,0.000000,-19,601.228179,-501.386428,3.610000,-504.996428
1226,56.878578,56.955346,56.145346,58.145346,noise,none,0.000000,-19,601.228179,-479.464806,3.610000,-483.074806
1227,55.806248,55.551149,54.741149,56.741149,noise,none,0.000000,-19,601.228179,-459.090530,3.610000,-462.700530
1228,55.983375,56.295499,55.485499,57.485499,noise,buy_from_mm,57.485499,-20,658.713678,-460.953820,4.000000,-464.953820
1229,55.469083,54.653310,53.853310,55.853310,informed,none,0.000000,-20,658.713678,-450.667987,4.000000,-454.667987
1230,55.602255,55.281322,54.481322,56.481322,informed,none,0.000000,-20,658.713678,-453.331417,4.000000,-457.331417
1231,54.049315,53.721257,52.921257,54.921257,informed,none,0.000000,-20,658.713678,-422.272623,4.000000,-426.272623
1232,53.441134,53.692596,52.892596,54.892596,noise,none,0.000000,-20,658.713678,-410.109008,4.000000,-414.109008
1233,52.156367,51.684976,50.884976,52.884976,informed,none,0.000000,-20,658.713678,-384.413668,4.000000,-388.413668
1234,53.060437,52.813124,52.013124,54.013124,informed,none,0.000000,-20,658.713678,-402.495052,4.000000,-406.495052
1235,52.150597,51.774444,50.974444,52.974444,informed,none,0.000000,-20,658.713678,-384.298257,4.000000,-388.298257
1236,51.808411,52.957707,52.157707,54.157707,informed,sell_to_mm,52.157707,-19,606.555971,-377.803843,3.610000,-381.413843
1237,51.338437,50.617779,49.807779,51.807779,noise,none,0.000000,-19,606.555971,-368.874339,3.610000,-372.484339
1238,50.815350,49.792231,48.982231,50.982231,noise,buy_from_mm,50.982231,-20,657.538202,-358.768792,4.000000,-362.768792
1239,52.109555,52.660733,51.860733,53.860733,noise,none,0.000000,-20,657.538202,-384.652894,4.000000,-388.652894
1240,52.994507,53.331754,52.531754,54.531754,noise,none,0.000000,-20,657.538202,-402.351928,4.000000,-406.351928
1241,53.385466,52.568860,51.768860,53.768860,noise,none,0.000000,-20,657.538202,-410.171123,4.000000,-414.171123
1242,53.193541,52.810560,52.010560,54.010560,noise,none,0.000000,-20,657.538202,-406.332622,4.000000,-410.332622
1243,53.480841,53.431538,52.631538,54.631538,noise,none,0.000000,-20,657.538202,-412.078621,4.000000,-416.078621
1244,54.145709,54.515163,53.715163,55.715163,informed,none,0.000000,-20,657.538202,-425.375968,4.000000,-429.375968
1245,54.880090,54.496653,53.696653,55.696653,noise,none,0.000000,-20,657.538202,-440.063601,4.000000,-444.063601
1246,56.771461,56.144915,55.344915,57.344915,noise,none,0.000000,-20,657.538202,-477.891021,4.000000,-481.891021
1247,56.584822,55.626522,54.826522,56.826522,noise,none,0.000000,-20,657.538202,-474.158235,4.000000,-478.158235
1248,56.424147,55.923627,55.123627,57.123627,informed,none,0.000000,-20,657.538202,-470.944731,4.000000,-474.944731
1249,54.763491,54.668220,53.868220,55.868220,informed,none,0.000000,-20,657.538202,-437.731625,4.000000,-441.731625
1250,53.188410,54.059400,53.259400,55.259400,noise,none,0.000000,-20,657.538202,-406.229990,4.000000,-410.229990
1251,53.377814,53.359037,52.559037,54.559037,noise,buy_from_mm,54.559037,-21,712.097239,-408.836865,4.410000,-413.246865
1252,53.375526,52.596386,51.806386,53.806386,noise,none,0.000000,-21,712.097239,-408.788814,4.410000,-413.198814
1253,53.801504,53.500172,52.710172,54.710172,noise,none,0.000000,-21,712.097239,-417.734344,4.410000,-422.144344
1254,53.973325,53.480701,52.690701,54.690701,informed,none,0.000000,-21,712.097239,-421.342580,4.410000,-425.752580
1255,51.469928,50.585530,49.795530,51.795530,noise,none,0.000000,-21,712.097239,-368.771253,4.410000,-373.181253
1256,52.675758,52.160677,51.370677,53.370677,noise,sell_to_mm,51.370677,-20,660.726562,-392.788607,4.000000,-396.788607
1257,55.956220,55.493772,54.693772,56.693772,informed,none,0.000000,-20,660.726562,-458.397841,4.000000,-462.397841
1258,56.550750,56.422074,55.622074,57.622074,noise,none,0.000000,-20,660.726562,-470.288430,4.000000,-474.288430
1259,56.461145,56.115111,55.315111,57.315111,noise,none,0.000000,-20,660.726562,-468.496341,4.000000,-472.496341
1260,55.821910,55.639067,54.839067,56.839067,noise,sell_to_mm,54.839067,-19,605.887495,-454.728791,3.610000,-458.338791
1261,56.204571,56.747291,55.937291,57.937291,informed,none,0.000000,-19,605.887495,-461.999361,3.610000,-465.609361
1262,55.436517,55.119680,54.309680,56.309680,noise,buy_from_mm,56.309680,-20,662.197175,-446.533175,4.000000,-450.533175
1263,56.223768,56.599152,55.799152,57.799152,informed,none,0.000000,-20,662.197175,-462.278183,4.000000,-466.278183
1264,54.896213,53.959525,53.159525,55.159525,informed,none,0.000000,-20,662.197175,-435.727086,4.000000,-439.727086
1265,53.986509,53.785046,52.985046,54.985046,informed,none,0.000000,-20,662.197175,-417.532997,4.000000,-421.532997
1266,53.395933,52.918464,52.118464,54.118464,informed,none,0.000000,-20,662.197175,-405.721494,4.000000,-409.721494
1267,52.791919,53.137866,52.337866,54.337866,informed,none,0.000000,-20,662.197175,-393.641214,4.000000,-397.641214
1268,52.660812,52.408538,51.608538,53.608538,noise,none,0.000000,-20,662.197175,-391.019072,4.000000,-395.019072
1269,52.645120,51.831001,51.031001,53.031001,noise,buy_from_mm,53.031001,-21,715.228176,-390.319348,4.410000,-394.729348
1270,50.088642,50.674850,49.884850,51.884850,informed,none,0.000000,-21,715.228176,-336.633312,4.410000,-341.043312
1271,48.218101,49.087946,48.297946,50.297946,noise,none,0.000000,-21,715.228176,-297.351942,4.410000,-301.761942
1272,48.616545,48.918900,48.128900,50.128900,informed,none,0.000000,-21,715.228176,-305.719278,4.410000,-310.129278
1273,47.480953,47.184265,46.394265,48.394265,noise,none,0.000000,-21,715.228176,-281.871833,4.410000,-286.281833
1274,48.009813,47.338918,46.548918,48.548918,noise,none,0.000000,-21,715.228176,-292.977900,4.410000,-297.387900
1275,48.025393,47.457393,46.667393,48.667393,noise,none,0.000000,-21,715.228176,-293.305067,4.410000,-297.715067
1276,48.090601,48.202885,47.412885,49.412885,noise,buy_from_mm,49.412885,-22,764.641061,-293.352156,4.840000,-298.192156
1277,47.153486,46.555414,45.775414,47.775414,noise,none,0.000000,-22,764.641061,-272.735621,4.840000,-277.575621
1278,49.622494,49.505788,48.725788,50.725788,noise,none,0.000000,-22,764.641061,-327.053797,4.840000,-331.893797
1279,48.113220,49.114705,48.334705,50.334705,noise,none,0.000000,-22,764.641061,-293.849778,4.840000,-298.689778
1280,47.562327,47.356405,46.576405,48.576405,informed,none,0.000000,-22,764.641061,-281.730134,4.840000,-286.570134
1281,47.330540,48.117224,47.337224,49.337224,noise,none,0.000000,-22,764.641061,-276.630818,4.840000,-281.470818
1282,46.314815,45.796625,45.016625,47.016625,informed,none,0.000000,-22,764.641061,-254.284860,4.840000,-259.124860
1283,45.043496,45.855995,45.075995,47.075995,noise,none,0.000000,-22,764.641061,-226.315859,4.840000,-231.155859
1284,45.213159,45.030336,44.250336,46.250336,noise,none,0.000000,-22,764.641061,-230.048428,4.840000,-234.888428
1285,45.438086,45.145155,44.365155,46.365155,noise,none,0.000000,-22,764.641061,-234.996824,4.840000,-239.836824
1286,45.336295,45.727923,44.947923,46.947923,noise,buy_from_mm,46.947923,-23,811.588983,-231.145793,5.290000,-236.435793
1287,45.712868,45.830626,45.060626,47.060626,informed,none,0.000000,-23,811.588983,-239.806991,5.290000,-245.096991
1288,45.827469,46.121678,45.351678,47.351678,noise,none,0.000000,-23,811.588983,-242.442813,5.290000,-247.732813
1289,45.645688,46.123630,45.353630,47.353630,noise,none,0.000000,-23,811.588983,-238.261848,5.290000,-243.551848
1290,45.486206,46.348659,45.578659,47.578659,informed,sell_to_mm,45.578659,-22,766.010324,-234.686201,4.840000,-239.526201
1291,44.760847,45.313281,44.533281,46.533281,noise,none,0.000000,-22,766.010324,-218.728318,4.840000,-223.568318
1292,45.790140,45.403029,44.623029,46.623029,informed,none,0.000000,-22,766.010324,-241.372759,4.840000,-246.212759
1293,44.901287,44.375456,43.595456,45.595456,informed,none,0.000000,-22,766.010324,-221.817981,4.840000,-226.657981
1294,44.629910,43.866579,43.086579,45.086579,noise,none,0.000000,-22,766.010324,-215.847706,4.840000,-220.687706
1295,42.996742,43.453712,42.673712,44.673712,noise,buy_from_mm,44.673712,-23,810.684036,-178.241030,5.290000,-183.531030
1296,41.755821,42.089674,41.319674,43.319674,informed,none,0.000000,-23,810.684036,-149.699845,5.290000,-154.989845
1297,41.413859,41.489932,40.719932,42.719932,noise,none,0.000000,-23,810.684036,-141.834728,5.290000,-147.124728
1298,41.306187,41.162854,40.392854,42.392854,noise,buy_from_mm,42.392854,-24,853.076889,-138.271602,5.760000,-144.031602
1299,41.918272,41.298306,40.538306,42.538306,noise,buy_from_mm,42.538306,-25,895.615195,-152.341610,6.250000,-158.591610
1300,41.191190,42.038702,41.288702,43.288702,noise,none,0.000000,-25,895.615195,-134.164553,6.250000,-140.414553
1301,42.170134,42.068552,41.318552,43.318552,noise,none,0.000000,-25,895.615195,-158.638147,6.250000,-164.888147
1302,42.470389,42.482994,41.732994,43.732994,noise,none,0.000000,-25,895.615195,-166.144520,6.250000,-172.394520
1303,43.614125,43.739718,42.989718,44.989718,noise,none,0.000000,-25,895.615195,-194.737918,6.250000,-200.987918
1304,43.248928,43.047840,42.297840,44.297840,informed,none,0.000000,-25,895.615195,-185.608010,6.250000,-191.858010
1305,44.116542,44.330095,43.580095,45.580095,informed,none,0.000000,-25,895.615195,-207.298357,6.250000,-213.548357
1306,44.424980,44.660707,43.910707,45.910707,informed,none,0.000000,-25,895.615195,-215.009314,6.250000,-221.259314
1307,44.537878,44.108912,43.358912,45.358912,informed,none,0.000000,-25,895.615195,-217.831760,6.250000,-224.081760
1308,44.237369,44.231978,43.481978,45.481978,informed,none,0.000000,-25,895.615195,-210.319039,6.250000,-216.569039
1309,44.432226,43.613883,42.863883,44.863883,noise,none,0.000000,-25,895.615195,-215.190451,6.250000,-221.440451
1310,44.432534,43.840313,43.090313,45.090313,noise,none,0.000000,-25,895.615195,-215.198162,6.250000,-221.448162
1311,44.518331,43.898660,43.148660,45.148660,noise,none,0.000000,-25,895.615195,-217.343070,6.250000,-223.593070
1312,44.007485,43.452461,42.702461,44.702461,informed,none,0.000000,-25,895.615195,-204.571923,6.250000,-210.821923
1313,42.171868,42.345907,41.595907,43.595907,informed,none,0.000000,-25,895.615195,-158.681498,6.250000,-164.931498
1314,41.608016,41.109997,40.359997,42.359997,noise,none,0.000000,-25,895.615195,-144.585204,6.250000,-150.835204
1315,40.569694,41.561362,40.811362,42.811362,noise,buy_from_mm,42.811362,-26,938.426558,-116.385477,6.760000,-123.145477
1316,39.260098,39.592526,38.852526,40.852526,noise,buy_from_mm,40.852526,-27,979.279084,-80.743573,7.290000,-88.033573
1317,39.104389,39.455328,38.725328,40.725328,noise,buy_from_mm,40.725328,-28,1020.004412,-74.918487,7.840000,-82.758487
1318,39.853079,40.652252,39.932252,41.932252,noise,none,0.000000,-28,1020.004412,-95.881800,7.840000,-103.721800
1319,39.381182,39.428252,38.708252,40.708252,noise,none,0.000000,-28,1020.004412,-82.668679,7.840000,-90.508679
1320,39.113657,39.171556,38.451556,40.451556,noise,none,0.000000,-28,1020.004412,-75.177979,7.840000,-83.017979
1321,38.597173,38.711436,37.991436,39.991436,informed,none,0.000000,-28,1020.004412,-60.716439,7.840000,-68.556439
1322,38.770339,38.681415,37.961415,39.961415,informed,none,0.000000,-28,1020.004412,-65.565083,7.840000,-73.405083
1323,38.849204,39.605875,38.885875,40.885875,noise,none,0.000000,-28,1020.004412,-67.773295,7.840000,-75.613295
1324,39.121641,39.042446,38.322446,40.322446,informed,none,0.000000,-28,1020.004412,-75.401526,7.840000,-83.241526
1325,41.067594,41.024014,40.304014,42.304014,informed,none,0.000000,-28,1020.004412,-129.888222,7.840000,-137.728222
1326,41.374157,41.629028,40.909028,42.909028,noise,buy_from_mm,42.909028,-29,1062.913440,-136.937109,8.410000,-145.347109
1327,39.539118,39.542603,38.832603,40.832603,noise,none,0.000000,-29,1062.913440,-83.720981,8.410000,-92.130981
1328,39.209745,39.380034,38.670034,40.670034,noise,none,0.000000,-29,1062.913440,-74.169170,8.410000,-82.579170
1329,38.277743,38.745840,38.035840,40.035840,noise,none,0.000000,-29,1062.913440,-47.141102,8.410000,-55.551102
1330,39.375070,39.304599,38.594599,40.594599,noise,sell_to_mm,38.594599,-28,1024.318841,-78.183121,7.840000,-86.023121
1331,39.604191,40.182002,39.462002,41.462002,informed,none,0.000000,-28,1024.318841,-84.598509,7.840000,-92.438509
1332,40.970972,41.801479,41.081479,43.081479,informed,sell_to_mm,41.081479,-27,983.237362,-122.978870,7.290000,-130.268870
1333,41.199522,41.209782,40.479782,42.479782,noise,sell_to_mm,40.479782,-26,942.757580,-128.430000,6.760000,-135.190000
1334,41.519135,41.761766,41.021766,43.021766,informed,none,0.000000,-26,942.757580,-136.739927,6.760000,-143.499927
1335,41.013480,41.901722,41.161722,43.161722,noise,none,0.000000,-26,942.757580,-123.592912,6.760000,-130.352912
1336,40.731601,40.916653,40.176653,42.176653,noise,none,0.000000,-26,942.757580,-116.264043,6.760000,-123.024043
1337,40.101049,41.355157,40.615157,42.615157,noise,none,0.000000,-26,942.757580,-99.869691,6.760000,-106.629691
1338,38.325549,37.472933,36.732933,38.732933,informed,none,0.000000,-26,942.757580,-53.706706,6.760000,-60.466706
1339,38.156519,37.880334,37.140334,39.140334,noise,buy_from_mm,39.140334,-27,981.897915,-48.328111,7.290000,-55.618111
1340,36.972377,36.690166,35.960166,37.960166,informed,none,0.000000,-27,981.897915,-16.356277,7.290000,-23.646277
1341,34.942860,35.638280,34.908280,36.908280,noise,none,0.000000,-27,981.897915,38.440692,7.290000,31.150692
1342,34.611913,33.763782,33.033782,35.033782,informed,none,0.000000,-27,981.897915,47.376262,7.290000,40.086262
1343,32.335572,32.579253,31.849253,33.849253,noise,none,0.000000,-27,981.897915,108.837480,7.290000,101.547480
1344,32.736447,32.901828,32.171828,34.171828,noise,none,0.000000,-27,981.897915,98.013852,7.290000,90.723852
1345,31.121887,31.497363,30.767363,32.767363,noise,buy_from_mm,32.767363,-28,1014.665278,143.252450,7.840000,135.412450
1346,31.996589,31.893672,31.173672,33.173672,noise,none,0.000000,-28,1014.665278,118.760790,7.840000,110.920790
1347,31.986627,32.455573,31.735573,33.735573,informed,none,0.000000,-28,1014.665278,119.039731,7.840000,111.199731
1348,30.111168,30.293833,29.573833,31.573833,noise,buy_from_mm,31.573833,-29,1046.239111,173.015225,8.410000,164.605225
1349,29.374529,28.848857,28.138857,30.138857,noise,none,0.000000,-29,1046.239111,194.377764,8.410000,185.967764
1350,29.605627,29.182508,28.472508,30.472508,noise,buy_from_mm,30.472508,-30,1076.711619,188.542799,9.000000,179.542799
1351,29.882903,29.572856,28.872856,30.872856,informed,none,0.000000,-30,1076.711619,180.224544,9.000000,171.224544
1352,30.303950,29.445672,28.745672,30.745672,noise,buy_from_mm,30.745672,-31,1107.457292,168.034834,9.610000,158.424834
1353,31.305484,31.360467,30.670467,32.670467,informed,none,0.000000,-31,1107.457292,136.987280,9.610000,127.377280
1354,33.111976,32.936370,32.246370,34.246370,informed,none,0.000000,-31,1107.457292,80.986027,9.610000,71.376027
1355,35.452058,35.424971,34.734971,36.734971,noise,none,0.000000,-31,1107.457292,8.443496,9.610000,-1.166504
1356,34.158757,33.643433,32.953433,34.953433,noise,none,0.000000,-31,1107.457292,48.535840,9.610000,38.925840
1357,36.426461,36.096455,35.406455,37.406455,noise,none,0.000000,-31,1107.457292,-21.762991,9.610000,-31.372991
1358,36.722593,37.228017,36.538017,38.538017,noise,none,0.000000,-31,1107.457292,-30.943078,9.610000,-40.553078
1359,37.140634,37.207279,36.517279,38.517279,noise,none,0.000000,-31,1107.457292,-43.902348,9.610000,-53.512348
1360,36.948376,37.030914,36.340914,38.340914,noise,none,0.000000,-31,1107.457292,-37.942357,9.610000,-47.552357
1361,38.954123,39.153268,38.463268,40.463268,noise,buy_from_mm,40.463268,-32,1147.920559,-98.611386,10.240000,-108.851386
1362,37.805186,37.371586,36.691586,38.691586,informed,none,0.000000,-32,1147.920559,-61.845401,10.240000,-72.085401
1363,37.280607,37.683205,37.003205,39.003205,informed,none,0.000000,-32,1147.920559,-45.058858,10.240000,-55.298858
1364,37.006241,36.978896,36.298896,38.298896,informed,none,0.000000,-32,1147.920559,-36.279167,10.240000,-46.519167
1365,37.824357,38.854438,38.174438,40.174438,noise,none,0.000000,-32,1147.920559,-62.458850,10.240000,-72.698850
1366,37.503713,36.616341,35.936341,37.936341,noise,buy_from_mm,37.936341,-33,1185.856900,-51.765624,10.890000,-62.655624
1367,37.442911,36.859928,36.189928,38.189928,informed,none,0.000000,-33,1185.856900,-49.759150,10.890000,-60.649150
1368,36.677379,37.032072,36.362072,38.362072,noise,none,0.000000,-33,1185.856900,-24.496621,10.890000,-35.386621
1369,37.903937,37.239238,36.569238,38.569238,informed,none,0.000000,-33,1185.856900,-64.973011,10.890000,-75.863011
1370,39.551878,40.087183,39.417183,41.417183,informed,none,0.000000,-33,1185.856900,-119.355083,10.890000,-130.245083
1371,39.719052,39.858824,39.188824,41.188824,noise,buy_from_mm,41.188824,-34,1227.045724,-123.402052,11.560000,-134.962052
1372,40.041006,39.467509,38.807509,40.807509,informed,none,0.000000,-34,1227.045724,-134.348496,11.560000,-145.908496
1373,40.790931,39.968087,39.308087,41.308087,informed,none,0.000000,-34,1227.045724,-159.845934,11.560000,-171.405934
1374,40.937789,40.533549,39.873549,41.873549,informed,none,0.000000,-34,1227.045724,-164.839117,11.560000,-176.399117
1375,41.385592,41.559877,40.899877,42.899877,noise,none,0.000000,-34,1227.045724,-180.064408,11.560000,-191.624408
1376,42.609288,42.652624,41.992624,43.992624,noise,none,0.000000,-34,1227.045724,-221.670055,11.560000,-233.230055
1377,42.900129,42.891333,42.231333,44.231333,noise,none,0.000000,-34,1227.045724,-231.558669,11.560000,-243.118669
1378,44.177983,44.345183,43.685183,45.685183,informed,none,0.000000,-34,1227.045724,-275.005697,11.560000,-286.565697
1379,42.743862,43.111427,42.451427,44.451427,noise,buy_from_mm,44.451427,-35,1271.497151,-224.538018,12.250000,-236.788018
1380,43.616430,43.496070,42.846070,44.846070,informed,none,0.000000,-35,1271.497151,-255.077889,12.250000,-267.327889
1381,42.874197,42.783446,42.133446,44.133446,informed,none,0.000000,-35,1271.497151,-229.099746,12.250000,-241.349746
1382,43.264062,42.248104,41.598104,43.598104,noise,none,0.000000,-35,1271.497151,-242.745024,12.250000,-254.995024
1383,43.277287,42.322862,41.672862,43.672862,noise,sell_to_mm,41.672862,-34,1229.824289,-241.603464,11.560000,-253.163464
1384,42.926602,42.487102,41.827102,43.827102,informed,none,0.000000,-34,1229.824289,-229.680188,11.560000,-241.240188
1385,42.734538,42.170705,41.510705,43.510705,informed,none,0.000000,-34,1229.824289,-223.149999,11.560000,-234.709999
1386,43.408519,43.309155,42.649155,44.649155,noise,none,0.000000,-34,1229.824289,-246.065346,11.560000,-257.625346
1387,44.101099,43.562306,42.902306,44.902306,informed,none,0.000000,-34,1229.824289,-269.613063,11.560000,-281.173063
1388,44.348780,43.491177,42.831177,44.831177,informed,none,0.000000,-34,1229.824289,-278.034230,11.560000,-289.594230
1389,43.832359,43.830188,43.170188,45.170188,noise,none,0.000000,-34,1229.824289,-260.475932,11.560000,-272.035932
1390,43.555078,43.406092,42.746092,44.746092,informed,none,0.000000,-34,1229.824289,-251.048370,11.560000,-262.608370
1391,44.621724,44.241223,43.581223,45.581223,noise,none,0.000000,-34,1229.824289,-287.314342,11.560000,-298.874342
1392,44.816037,45.365309,44.705309,46.705309,noise,none,0.000000,-34,1229.824289,-293.920977,11.560000,-305.480977
1393,44.807594,45.076783,44.416783,46.416783,informed,none,0.000000,-34,1229.824289,-293.633895,11.560000,-305.193895
1394,44.704584,44.886567,44.226567,46.226567,noise,none,0.000000,-34,1229.824289,-290.131570,11.560000,-301.691570
1395,44.124003,43.643536,42.983536,44.983536,informed,none,0.000000,-34,1229.824289,-270.391827,11.560000,-281.951827
1396,44.001634,44.037457,43.377457,45.377457,noise,none,0.000000,-34,1229.824289,-266.231264,11.560000,-277.791264
1397,44.192377,44.934409,44.274409,46.274409,informed,sell_to_mm,44.274409,-33,1185.549881,-272.798556,10.890000,-283.688556
1398,42.989740,43.062526,42.392526,44.392526,noise,none,0.000000,-33,1185.549881,-233.111551,10.890000,-244.001551
1399,43.458045,43.585753,42.915753,44.915753,noise,none,0.000000,-33,1185.549881,-248.565590,10.890000,-259.455590
1400,42.423577,42.272678,41.602678,43.602678,informed,none,0.000000,-33,1185.549881,-214.428145,10.890000,-225.318145
1401,43.185297,43.665123,42.995123,44.995123,informed,none,0.000000,-33,1185.549881,-239.564931,10.890000,-250.454931
1402,42.805948,43.951188,43.281188,45.281188,noise,sell_to_mm,43.281188,-32,1142.268693,-227.521640,10.240000,-237.761640
1403,43.201178,43.983271,43.303271,45.303271,noise,none,0.000000,-32,1142.268693,-240.169000,10.240000,-250.409000
1404,42.687628,42.514884,41.834884,43.834884,noise,sell_to_mm,41.834884,-31,1100.433809,-222.882651,9.610000,-232.492651
1405,42.935939,42.183349,41.493349,43.493349,informed,none,0.000000,-31,1100.433809,-230.580288,9.610000,-240.190288
1406,42.596794,42.748631,42.058631,44.058631,informed,none,0.000000,-31,1100.433809,-220.066797,9.610000,-229.676797
1407,42.795912,43.492426,42.802426,44.802426,noise,none,0.000000,-31,1100.433809,-226.239462,9.610000,-235.849462
1408,43.011796,43.042336,42.352336,44.352336,noise,sell_to_mm,42.352336,-30,1058.081472,-232.272397,9.000000,-241.272397
1409,43.891237,42.993157,42.293157,44.293157,noise,none,0.000000,-30,1058.081472,-258.655627,9.000000,-267.655627
1410,43.880809,43.335845,42.635845,44.635845,noise,none,0.000000,-30,1058.081472,-258.342808,9.000000,-267.342808
1411,43.731772,43.136405,42.436405,44.436405,informed,none,0.000000,-30,1058.081472,-253.871677,9.000000,-262.871677
1412,45.009068,45.328832,44.628832,46.628832,noise,buy_from_mm,46.628832,-31,1104.710304,-290.570812,9.610000,-300.180812
1413,43.762532,43.877462,43.187462,45.187462,informed,none,0.000000,-31,1104.710304,-251.928184,9.610000,-261.538184
1414,43.711552,43.597550,42.907550,44.907550,informed,none,0.000000,-31,1104.710304,-250.347814,9.610000,-259.957814
1415,42.731248,42.945458,42.255458,44.255458,noise,none,0.000000,-31,1104.710304,-219.958398,9.610000,-229.568398
1416,43.421870,44.139222,43.449222,45.449222,noise,none,0.000000,-31,1104.710304,-241.367672,9.610000,-250.977672
1417,43.654000,44.333509,43.643509,45.643509,informed,none,0.000000,-31,1104.710304,-248.563700,9.610000,-258.173700
1418,43.628193,43.980628,43.290628,45.290628,informed,none,0.000000,-31,1104.710304,-247.763686,9.610000,-257.373686
1419,43.435173,43.039042,42.349042,44.349042,noise,none,0.000000,-31,1104.710304,-241.780055,9.610000,-251.390055
1420,44.993161,45.030614,44.340614,46.340614,informed,none,0.000000,-31,1104.710304,-290.077687,9.610000,-299.687687
1421,46.371686,45.764067,45.074067,47.074067,noise,none,0.000000,-31,1104.710304,-332.811955,9.610000,-342.421955
1422,45.437835,45.450197,44.760197,46.760197,informed,none,0.000000,-31,1104.710304,-303.862579,9.610000,-313.472579
1423,45.246800,45.053351,44.363351,46.363351,noise,sell_to_mm,44.363351,-30,1060.346953,-297.057032,9.000000,-306.057032
1424,45.299873,45.908996,45.208996,47.208996,informed,none,0.000000,-30,1060.346953,-298.649247,9.000000,-307.649247
1425,45.052048,44.434357,43.734357,45.734357,informed,none,0.000000,-30,1060.346953,-291.214495,9.000000,-300.214495
1426,47.471984,47.535821,46.835821,48.835821,noise,none,0.000000,-30,1060.346953,-363.812563,9.000000,-372.812563
1427,47.067950,46.969696,46.269696,48.269696,noise,none,0.000000,-30,1060.346953,-351.691559,9.000000,-360.691559
1428,45.682763,46.155710,45.455710,47.455710,noise,none,0.000000,-30,1060.346953,-310.135940,9.000000,-319.135940
1429,46.986419,46.101709,45.401709,47.401709,noise,none,0.000000,-30,1060.346953,-349.245627,9.000000,-358.245627
1430,47.457430,48.060322,47.360322,49.360322,noise,none,0.000000,-30,1060.346953,-363.375952,9.000000,-372.375952
1431,48.258280,47.635894,46.935894,48.935894,informed,none,0.000000,-30,1060.346953,-387.401439,9.000000,-396.401439
1432,49.395409,48.873466,48.173466,50.173466,noise,none,0.000000,-30,1060.346953,-421.515303,9.000000,-430.515303
1433,50.034417,49.308131,48.608131,50.608131,noise,none,0.000000,-30,1060.346953,-440.685551,9.000000,-449.685551
1434,50.096307,49.174199,48.474199,50.474199,noise,none,0.000000,-30,1060.346953,-442.542264,9.000000,-451.542264
1435,48.302078,48.129820,47.429820,49.429820,informed,none,0.000000,-30,1060.346953,-388.715386,9.000000,-397.715386
1436,49.623281,49.790088,49.090088,51.090088,noise,none,0.000000,-30,1060.346953,-428.351485,9.000000,-437.351485
1437,49.362929,49.950614,49.250614,51.250614,informed,none,0.000000,-30,1060.346953,-420.540909,9.000000,-429.540909
1438,48.440135,48.011606,47.311606,49.311606,noise,none,0.000000,-30,1060.346953,-392.857090,9.000000,-401.857090
1439,46.424513,46.296684,45.596684,47.596684,noise,none,0.000000,-30,1060.346953,-332.388424,9.000000,-341.388424
1440,46.084708,46.212352,45.512352,47.512352,noise,none,0.000000,-30,1060.346953,-322.194297,9.000000,-331.194297
1441,46.219622,46.101086,45.401086,47.401086,noise,none,0.000000,-30,1060.346953,-326.241703,9.000000,-335.241703
1442,45.311014,45.556212,44.856212,46.856212,informed,none,0.000000,-30,1060.346953,-298.983480,9.000000,-307.983480
1443,44.086137,43.603825,42.903825,44.903825,noise,none,0.000000,-30,1060.346953,-262.237158,9.000000,-271.237158
1444,44.491974,44.361468,43.661468,45.661468,noise,none,0.000000,-30,1060.346953,-274.412261,9.000000,-283.412261
1445,43.330698,42.876055,42.176055,44.176055,informed,none,0.000000,-30,1060.346953,-239.574001,9.000000,-248.574001
1446,42.298196,42.977933,42.277933,44.277933,informed,none,0.000000,-30,1060.346953,-208.598915,9.000000,-217.598915
1447,40.980904,40.625592,39.925592,41.925592,noise,none,0.000000,-30,1060.346953,-169.080160,9.000000,-178.080160
1448,40.050849,40.911103,40.211103,42.211103,noise,none,0.000000,-30,1060.346953,-141.178523,9.000000,-150.178523
1449,38.355093,38.356147,37.656147,39.656147,informed,none,0.000000,-30,1060.346953,-90.305823,9.000000,-99.305823
1450,37.732496,37.676139,36.976139,38.976139,noise,sell_to_mm,36.976139,-29,1023.370814,-70.871557,8.410000,-79.281557
1451,37.501410,37.596506,36.886506,38.886506,informed,none,0.000000,-29,1023.370814,-64.170067,8.410000,-72.580067
1452,37.136036,37.150280,36.440280,38.440280,noise,none,0.000000,-29,1023.370814,-53.574216,8.410000,-61.984216
1453,38.423732,38.201585,37.491585,39.491585,noise,sell_to_mm,37.491585,-28,985.879229,-89.985256,7.840000,-97.825256
1454,38.058445,38.195727,37.475727,39.475727,noise,none,0.000000,-28,985.879229,-79.757220,7.840000,-87.597220
1455,36.269631,37.180242,36.460242,38.460242,informed,sell_to_mm,36.460242,-27,949.418987,-29.861056,7.290000,-37.151056
1456,35.291507,36.320203,35.590203,37.590203,noise,none,0.000000,-27,949.418987,-3.451701,7.290000,-10.741701
1457,36.634139,36.560707,35.830707,37.830707,informed,none,0.000000,-27,949.418987,-39.702767,7.290000,-46.992767
1458,36.656734,37.381841,36.651841,38.651841,noise,buy_from_mm,38.651841,-28,988.070829,-38.317733,7.840000,-46.157733
1459,37.259222,37.120430,36.400430,38.400430,informed,none,0.000000,-28,988.070829,-55.187390,7.840000,-63.027390
1460,35.337828,35.577388,34.857388,36.857388,noise,none,0.000000,-28,988.070829,-1.388348,7.840000,-9.228348
1461,35.183877,34.725735,34.005735,36.005735,informed,none,0.000000,-28,988.070829,2.922266,7.840000,-4.917734
1462,35.996194,35.746341,35.026341,37.026341,informed,none,0.000000,-28,988.070829,-19.822610,7.840000,-27.662610
1463,34.911178,35.413189,34.693189,36.693189,noise,none,0.000000,-28,988.070829,10.557841,7.840000,2.717841
1464,35.570528,35.105447,34.385447,36.385447,noise,none,0.000000,-28,988.070829,-7.903969,7.840000,-15.743969
1465,35.722019,35.118598,34.398598,36.398598,noise,sell_to_mm,34.398598,-27,953.672231,-10.822294,7.290000,-18.112294
1466,35.504267,34.982870,34.252870,36.252870,noise,none,0.000000,-27,953.672231,-4.942991,7.290000,-12.232991
1467,36.750849,36.473960,35.743960,37.743960,noise,sell_to_mm,35.743960,-26,917.928270,-37.593803,6.760000,-44.353803
1468,37.541020,37.757195,37.017195,39.017195,noise,sell_to_mm,37.017195,-25,880.911076,-57.614436,6.250000,-63.864436
1469,38.671438,37.678603,36.928603,38.928603,noise,none,0.000000,-25,880.911076,-85.874876,6.250000,-92.124876
1470,39.093606,37.726586,36.976586,38.976586,noise,none,0.000000,-25,880.911076,-96.429062,6.250000,-102.679062
1471,40.547360,40.369763,39.619763,41.619763,informed,none,0.000000,-25,880.911076,-132.772920,6.250000,-139.022920
1472,40.544330,40.535650,39.785650,41.785650,noise,none,0.000000,-25,880.911076,-132.697186,6.250000,-138.947186
1473,39.767594,40.578005,39.828005,41.828005,informed,sell_to_mm,39.828005,-24,841.083071,-113.339197,5.760000,-119.099197
1474,39.474280,38.934538,38.174538,40.174538,noise,none,0.000000,-24,841.083071,-106.299650,5.760000,-112.059650
1475,38.872325,39.241464,38.481464,40.481464,informed,none,0.000000,-24,841.083071,-91.852736,5.760000,-97.612736
1476,39.048414,39.397368,38.637368,40.637368,noise,buy_from_mm,40.637368,-25,881.720438,-94.489923,6.250000,-100.739923
1477,39.074485,38.976383,38.226383,40.226383,informed,none,0.000000,-25,881.720438,-95.141682,6.250000,-101.391682
1478,38.928713,38.916498,38.166498,40.166498,noise,sell_to_mm,38.166498,-24,843.553941,-90.735180,5.760000,-96.495180
1479,39.174475,39.379029,38.619029,40.619029,informed,none,0.000000,-24,843.553941,-96.633455,5.760000,-102.393455
1480,38.224937,38.553152,37.793152,39.793152,noise,sell_to_mm,37.793152,-23,805.760789,-73.412766,5.290000,-78.702766
1481,37.974642,37.821689,37.051689,39.051689,informed,none,0.000000,-23,805.760789,-67.655975,5.290000,-72.945975
1482,36.729431,37.570874,36.800874,38.800874,noise,sell_to_mm,36.800874,-22,768.959915,-39.087567,4.840000,-43.927567
1483,38.864548,38.861089,38.081089,40.081089,noise,none,0.000000,-22,768.959915,-86.060140,4.840000,-90.900140
1484,38.978282,37.975995,37.195995,39.195995,noise,none,0.000000,-22,768.959915,-88.562299,4.840000,-93.402299
1485,41.525391,41.003084,40.223084,42.223084,informed,none,0.000000,-22,768.959915,-144.598694,4.840000,-149.438694
1486,40.568951,40.082517,39.302517,41.302517,noise,buy_from_mm,41.302517,-23,810.262433,-122.823444,5.290000,-128.113444
1487,41.642039,41.490494,40.720494,42.720494,noise,none,0.000000,-23,810.262433,-147.504454,5.290000,-152.794454
1488,41.864259,42.379223,41.609223,43.609223,noise,none,0.000000,-23,810.262433,-152.615533,5.290000,-157.905533
1489,41.354961,41.634316,40.864316,42.864316,noise,sell_to_mm,40.864316,-22,769.398117,-140.411033,4.840000,-145.251033
1490,42.322170,41.186088,40.406088,42.406088,noise,none,0.000000,-22,769.398117,-161.689620,4.840000,-166.529620
1491,43.081911,42.838008,42.058008,44.058008,informed,none,0.000000,-22,769.398117,-178.403923,4.840000,-183.243923
1492,43.751720,43.313063,42.533063,44.533063,informed,none,0.000000,-22,769.398117,-193.139729,4.840000,-197.979729
1493,44.685212,44.976215,44.196215,46.196215,noise,none,0.000000,-22,769.398117,-213.676541,4.840000,-218.516541
1494,45.897480,45.333711,44.553711,46.553711,informed,none,0.000000,-22,769.398117,-240.346448,4.840000,-245.186448
1495,45.722704,46.608666,45.828666,47.828666,noise,none,0.000000,-22,769.398117,-236.501362,4.840000,-241.341362
1496,47.911222,47.650524,46.870524,48.870524,informed,none,0.000000,-22,769.398117,-284.648778,4.840000,-289.488778
1497,48.582529,48.930030,48.150030,50.150030,informed,none,0.000000,-22,769.398117,-299.417524,4.840000,-304.257524
1498,48.086147,48.110591,47.330591,49.330591,informed,none,0.000000,-22,769.398117,-288.497113,4.840000,-293.337113
1499,47.261796,46.831773,46.051773,48.051773,informed,none,0.000000,-22,769.398117,-270.361387,4.840000,-275.201387
1500,47.802011,47.632365,46.852365,48.852365,noise,none,0.000000,-22,769.398117,-282.246120,4.840000,-287.086120
1501,48.120720,48.064130,47.284130,49.284130,informed,none,0.000000,-22,769.398117,-289.257715,4.840000,-294.097715
1502,47.355680,46.699747,45.919747,47.919747,informed,none,0.000000,-22,769.398117,-272.426836,4.840000,-277.266836
1503,46.336154,46.745579,45.965579,47.965579,noise,none,0.000000,-22,769.398117,-249.997272,4.840000,-254.837272
1504,45.181218,45.252425,44.472425,46.472425,noise,none,0.000000,-22,769.398117,-224.588672,4.840000,-229.428672
1505,46.032433,45.352445,44.572445,46.572445,informed,none,0.000000,-22,769.398117,-243.315414,4.840000,-248.155414
1506,47.269535,47.226544,46.446544,48.446544,informed,none,0.000000,-22,769.398117,-270.531662,4.840000,-275.371662
1507,47.743809,48.300453,47.520453,49.520453,noise,sell_to_mm,47.520453,-21,721.877663,-280.742323,4.410000,-285.152323
1508,46.496682,47.106415,46.316415,48.316415,noise,none,0.000000,-21,721.877663,-254.552666,4.410000,-258.962666
1509,47.490768,47.003338,46.213338,48.213338,informed,none,0.000000,-21,721.877663,-275.428475,4.410000,-279.838475
1510,47.404336,47.000825,46.210825,48.210825,informed,none,0.000000,-21,721.877663,-273.613400,4.410000,-278.023400
1511,46.637813,46.237032,45.447032,47.447032,noise,none,0.000000,-21,721.877663,-257.516411,4.410000,-261.926411
1512,46.476517,46.349664,45.559664,47.559664,noise,sell_to_mm,45.559664,-20,676.317999,-253.212332,4.000000,-257.212332
1513,45.924304,45.910595,45.110595,47.110595,noise,sell_to_mm,45.110595,-19,631.207404,-241.354368,3.610000,-244.964368
1514,46.783336,45.983066,45.173066,47.173066,noise,none,0.000000,-19,631.207404,-257.675987,3.610000,-261.285987
1515,48.491282,48.427176,47.617176,49.617176,noise,buy_from_mm,49.617176,-20,680.824580,-289.001060,4.000000,-293.001060
1516,48.697096,49.396051,48.596051,50.596051,informed,none,0.000000,-20,680.824580,-293.117343,4.000000,-297.117343
1517,47.921842,47.501331,46.701331,48.701331,noise,sell_to_mm,46.701331,-19,634.123248,-276.391749,3.610000,-280.001749
1518,49.010885,48.370844,47.560844,49.560844,noise,buy_from_mm,49.560844,-20,683.684092,-296.533615,4.000000,-300.533615
1519,49.803018,50.287285,49.487285,51.487285,informed,none,0.000000,-20,683.684092,-312.376270,4.000000,-316.376270
1520,50.757964,50.856379,50.056379,52.056379,noise,sell_to_mm,50.056379,-19,633.627713,-330.773599,3.610000,-334.383599
1521,50.333034,49.428631,48.618631,50.618631,noise,none,0.000000,-19,633.627713,-322.699927,3.610000,-326.309927
1522,49.495953,48.999608,48.189608,50.189608,informed,none,0.000000,-19,633.627713,-306.795398,3.610000,-310.405398
1523,48.946453,48.788984,47.978984,49.978984,noise,none,0.000000,-19,633.627713,-296.354886,3.610000,-299.964886
1524,47.879568,47.600315,46.790315,48.790315,noise,none,0.000000,-19,633.627713,-276.084071,3.610000,-279.694071
1525,47.977146,47.947984,47.137984,49.137984,noise,buy_from_mm,49.137984,-20,682.765696,-276.777218,4.000000,-280.777218
1526,47.147693,46.889987,46.089987,48.089987,noise,none,0.000000,-20,682.765696,-260.188154,4.000000,-264.188154
1527,45.716372,45.961289,45.161289,47.161289,noise,none,0.000000,-20,682.765696,-231.561743,4.000000,-235.561743
1528,44.323716,44.865348,44.065348,46.065348,noise,buy_from_mm,46.065348,-21,728.831044,-201.966986,4.410000,-206.376986
1529,45.428448,46.002949,45.212949,47.212949,informed,none,0.000000,-21,728.831044,-225.166357,4.410000,-229.576357
1530,44.808490,45.041816,44.251816,46.251816,noise,none,0.000000,-21,728.831044,-212.147238,4.410000,-216.557238
1531,44.441379,45.048794,44.258794,46.258794,noise,none,0.000000,-21,728.831044,-204.437908,4.410000,-208.847908
1532,45.299304,45.757381,44.967381,46.967381,noise,buy_from_mm,46.967381,-22,775.798425,-220.786262,4.840000,-225.626262
1533,44.702233,45.063912,44.283912,46.283912,informed,none,0.000000,-22,775.798425,-207.650708,4.840000,-212.490708
1534,44.474010,45.705024,44.925024,46.925024,noise,none,0.000000,-22,775.798425,-202.629790,4.840000,-207.469790
1535,45.141476,45.874239,45.094239,47.094239,informed,none,0.000000,-22,775.798425,-217.314053,4.840000,-222.154053
1536,43.565918,43.325652,42.545652,44.545652,informed,none,0.000000,-22,775.798425,-182.651762,4.840000,-187.491762
1537,43.310300,43.232732,42.452732,44.452732,informed,none,0.000000,-22,775.798425,-177.028185,4.840000,-181.868185
1538,42.398940,41.774056,40.994056,42.994056,noise,buy_from_mm,42.994056,-23,818.792481,-156.383150,5.290000,-161.673150
1539,41.763282,40.111751,39.341751,41.341751,informed,buy_from_mm,41.341751,-24,860.134232,-142.184544,5.760000,-147.944544
1540,43.659824,43.524048,42.764048,44.764048,noise,sell_to_mm,42.764048,-23,817.370183,-186.805770,5.290000,-192.095770
1541,45.637070,46.022761,45.252761,47.252761,noise,none,0.000000,-23,817.370183,-232.282418,5.290000,-237.572418
1542,45.076977,45.634008,44.864008,46.864008,noise,none,0.000000,-23,817.370183,-219.400298,5.290000,-224.690298
1543,44.367567,44.400309,43.630309,45.630309,noise,none,0.000000,-23,817.370183,-203.083855,5.290000,-208.373855
1544,42.849703,42.721236,41.951236,43.951236,noise,none,0.000000,-23,817.370183,-168.172991,5.290000,-173.462991
1545,43.825574,44.057328,43.287328,45.287328,noise,none,0.000000,-23,817.370183,-190.618022,5.290000,-195.908022
1546,44.277446,43.998335,43.228335,45.228335,noise,none,0.000000,-23,817.370183,-201.011082,5.290000,-206.301082
1547,46.260259,46.409151,45.639151,47.639151,informed,none,0.000000,-23,817.370183,-246.615782,5.290000,-251.905782
1548,46.367789,45.358149,44.588149,46.588149,informed,none,0.000000,-23,817.370183,-249.088967,5.290000,-254.378967
1549,48.519075,48.825571,48.055571,50.055571,noise,none,0.000000,-23,817.370183,-298.568539,5.290000,-303.858539
1550,49.502486,49.854799,49.084799,51.084799,noise,none,0.000000,-23,817.370183,-321.186986,5.290000,-326.476986
1551,50.578987,49.583246,48.813246,50.813246,informed,none,0.000000,-23,817.370183,-345.946524,5.290000,-351.236524
1552,51.834145,51.215287,50.445287,52.445287,noise,buy_from_mm,52.445287,-24,869.815471,-374.204004,5.760000,-379.964004
1553,53.773433,53.996864,53.236864,55.236864,noise,none,0.000000,-24,869.815471,-420.746924,5.760000,-426.506924
1554,52.784454,52.637250,51.877250,53.877250,noise,none,0.000000,-24,869.815471,-397.011429,5.760000,-402.771429
1555,52.547597,52.651211,51.891211,53.891211,informed,none,0.000000,-24,869.815471,-391.326861,5.760000,-397.086861
1556,51.878489,52.405249,51.645249,53.645249,informed,none,0.000000,-24,869.815471,-375.268261,5.760000,-381.028261
1557,50.272268,49.906714,49.146714,51.146714,noise,none,0.000000,-24,869.815471,-336.718961,5.760000,-342.478961
1558,49.093247,48.916503,48.156503,50.156503,informed,none,0.000000,-24,869.815471,-308.422460,5.760000,-314.182460
1559,48.023113,48.720723,47.960723,49.960723,noise,none,0.000000,-24,869.815471,-282.739251,5.760000,-288.499251
1560,47.681583,47.934745,47.174745,49.174745,informed,none,0.000000,-24,869.815471,-274.542529,5.760000,-280.302529
1561,48.491772,47.872155,47.112155,49.112155,noise,none,0.000000,-24,869.815471,-293.987058,5.760000,-299.747058
1562,49.856594,49.694831,48.934831,50.934831,informed,none,0.000000,-24,869.815471,-326.742785,5.760000,-332.502785
1563,48.778832,49.050055,48.290055,50.290055,informed,none,0.000000,-24,869.815471,-300.876508,5.760000,-306.636508
1564,48.091997,48.218962,47.458962,49.458962,noise,buy_from_mm,49.458962,-25,919.274433,-283.025499,6.250000,-289.275499
1565,47.077346,46.951974,46.201974,48.201974,noise,none,0.000000,-25,919.274433,-257.659210,6.250000,-263.909210
1566,48.487815,49.303448,48.553448,50.553448,noise,buy_from_mm,50.553448,-26,969.827880,-290.855310,6.760000,-297.615310
1567,51.361117,51.403026,50.663026,52.663026,noise,none,0.000000,-26,969.827880,-365.561169,6.760000,-372.321169
1568,51.279640,50.667475,49.927475,51.927475,informed,none,0.000000,-26,969.827880,-363.442767,6.760000,-370.202767
1569,50.757542,51.514957,50.774957,52.774957,informed,sell_to_mm,50.774957,-25,919.052924,-349.885614,6.250000,-356.135614
1570,51.102347,51.301349,50.551349,52.551349,noise,none,0.000000,-25,919.052924,-358.505740,6.250000,-364.755740
1571,52.586929,53.549279,52.799279,54.799279,noise,none,0.000000,-25,919.052924,-395.620308,6.250000,-401.870308
1572,53.221215,53.270554,52.520554,54.520554,informed,none,0.000000,-25,919.052924,-411.477451,6.250000,-417.727451
1573,53.053684,52.779712,52.029712,54.029712,noise,none,0.000000,-25,919.052924,-407.289182,6.250000,-413.539182
1574,52.383342,52.597709,51.847709,53.847709,noise,none,0.000000,-25,919.052924,-390.530625,6.250000,-396.780625
1575,52.546048,52.841258,52.091258,54.091258,informed,none,0.000000,-25,919.052924,-394.598266,6.250000,-400.848266
1576,53.634042,53.772365,53.022365,55.022365,noise,none,0.000000,-25,919.052924,-421.798131,6.250000,-428.048131
1577,53.419345,53.968887,53.218887,55.218887,informed,none,0.000000,-25,919.052924,-416.430705,6.250000,-422.680705
1578,54.246028,54.058462,53.308462,55.308462,noise,none,0.000000,-25,919.052924,-437.097769,6.250000,-443.347769
1579,52.909464,53.120405,52.370405,54.370405,noise,sell_to_mm,52.370405,-24,866.682519,-403.144617,5.760000,-408.904617
1580,52.745854,52.648134,51.888134,53.888134,informed,none,0.000000,-24,866.682519,-399.217980,5.760000,-404.977980
1581,52.647248,52.713135,51.953135,53.953135,noise,none,0.000000,-24,866.682519,-396.851428,5.760000,-402.611428
1582,52.059943,52.437744,51.677744,53.677744,informed,none,0.000000,-24,866.682519,-382.756123,5.760000,-388.516123
1583,52.705593,53.161395,52.401395,54.401395,noise,buy_from_mm,54.401395,-25,921.083914,-396.555922,6.250000,-402.805922
1584,54.017034,53.854128,53.104128,55.104128,noise,buy_from_mm,55.104128,-26,976.188042,-428.254835,6.760000,-435.014835
1585,54.494890,54.795997,54.055997,56.055997,noise,none,0.000000,-26,976.188042,-440.679098,6.760000,-447.439098
1586,53.919843,54.904009,54.164009,56.164009,noise,buy_from_mm,56.164009,-27,1032.352051,-423.483715,7.290000,-430.773715
1587,53.537937,53.615726,52.885726,54.885726,informed,none,0.000000,-27,1032.352051,-413.172245,7.290000,-420.462245
1588,53.159729,53.742147,53.012147,55.012147,noise,sell_to_mm,53.012147,-26,979.339904,-402.813040,6.760000,-409.573040
1589,53.208301,52.984309,52.244309,54.244309,informed,none,0.000000,-26,979.339904,-404.075912,6.760000,-410.835912
1590,53.569395,53.992672,53.252672,55.252672,noise,sell_to_mm,53.252672,-25,926.087232,-413.147632,6.250000,-419.397632
1591,54.577451,55.071250,54.321250,56.321250,noise,none,0.000000,-25,926.087232,-438.349042,6.250000,-444.599042
1592,53.666841,54.297640,53.547640,55.547640,noise,none,0.000000,-25,926.087232,-415.583782,6.250000,-421.833782
1593,52.250338,51.218903,50.468903,52.468903,noise,none,0.000000,-25,926.087232,-380.171217,6.250000,-386.421217
1594,51.258972,50.930819,50.180819,52.180819,noise,sell_to_mm,50.180819,-24,875.906414,-354.308915,5.760000,-360.068915
1595,52.772668,52.545428,51.785428,53.785428,noise,none,0.000000,-24,875.906414,-390.637607,5.760000,-396.397607
1596,53.469960,53.411914,52.651914,54.651914,noise,none,0.000000,-24,875.906414,-407.372636,5.760000,-413.132636
1597,52.977957,53.851000,53.091000,55.091000,noise,none,0.000000,-24,875.906414,-395.564556,5.760000,-401.324556
1598,52.684602,52.576492,51.816492,53.816492,noise,buy_from_mm,53.816492,-25,929.722905,-387.392152,6.250000,-393.642152
1599,52.007557,51.947214,51.197214,53.197214,noise,none,0.000000,-25,929.722905,-370.466012,6.250000,-376.716012
1600,52.028062,52.688321,51.938321,53.938321,informed,none,0.000000,-25,929.722905,-370.978633,6.250000,-377.228633
1601,52.863048,51.685040,50.935040,52.935040,noise,none,0.000000,-25,929.722905,-391.853298,6.250000,-398.103298
1602,54.126862,54.188897,53.438897,55.438897,noise,none,0.000000,-25,929.722905,-423.448634,6.250000,-429.698634
1603,52.115779,51.631412,50.881412,52.881412,noise,buy_from_mm,52.881412,-26,982.604317,-372.405933,6.760000,-379.165933
1604,50.940611,51.523741,50.783741,52.783741,informed,none,0.000000,-26,982.604317,-341.851557,6.760000,-348.611557
1605,50.972187,50.171899,49.431899,51.431899,noise,none,0.000000,-26,982.604317,-342.672546,6.760000,-349.432546
1606,51.992050,50.993330,50.253330,52.253330,noise,none,0.000000,-26,982.604317,-369.188983,6.760000,-375.948983
1607,52.912486,52.544189,51.804189,53.804189,noise,none,0.000000,-26,982.604317,-393.120307,6.760000,-399.880307
1608,52.030755,52.326940,51.586940,53.586940,noise,buy_from_mm,53.586940,-27,1036.191257,-368.639142,7.290000,-375.929142
1609,50.930569,51.538806,50.808806,52.808806,informed,none,0.000000,-27,1036.191257,-338.934095,7.290000,-346.224095
1610,50.061377,49.687323,48.957323,50.957323,noise,none,0.000000,-27,1036.191257,-315.465921,7.290000,-322.755921
1611,49.559003,49.393377,48.663377,50.663377,noise,buy_from_mm,50.663377,-28,1086.854633,-300.797440,7.840000,-308.637440
1612,51.291573,51.155387,50.435387,52.435387,noise,none,0.000000,-28,1086.854633,-349.309419,7.840000,-357.149419
1613,49.936790,50.928718,50.208718,52.208718,informed,sell_to_mm,50.208718,-27,1036.645916,-311.647422,7.290000,-318.937422
1614,50.469012,49.777945,49.047945,51.047945,noise,none,0.000000,-27,1036.645916,-326.017406,7.290000,-333.307406
1615,51.938388,51.437926,50.707926,52.707926,informed,none,0.000000,-27,1036.645916,-365.690561,7.290000,-372.980561
1616,50.179790,50.361455,49.631455,51.631455,informed,none,0.000000,-27,1036.645916,-318.208427,7.290000,-325.498427
1617,50.163414,50.065919,49.335919,51.335919,noise,none,0.000000,-27,1036.645916,-317.766250,7.290000,-325.056250
1618,50.402801,49.267593,48.537593,50.537593,informed,none,0.000000,-27,1036.645916,-324.229700,7.290000,-331.519700
1619,50.629758,50.596249,49.866249,51.866249,informed,none,0.000000,-27,1036.645916,-330.357554,7.290000,-337.647554
1620,48.804656,48.944724,48.214724,50.214724,noise,none,0.000000,-27,1036.645916,-281.079788,7.290000,-288.369788
1621,48.256678,47.878020,47.148020,49.148020,informed,none,0.000000,-27,1036.645916,-266.284386,7.290000,-273.574386
1622,48.490122,48.246033,47.516033,49.516033,noise,buy_from_mm,49.516033,-28,1086.161949,-271.561463,7.840000,-279.401463
1623,46.920029,46.754339,46.034339,48.034339,noise,none,0.000000,-28,1086.161949,-227.598874,7.840000,-235.438874
1624,47.305174,46.843770,46.123770,48.123770,noise,none,0.000000,-28,1086.161949,-238.382916,7.840000,-246.222916
1625,48.548426,48.770997,48.050997,50.050997,informed,none,0.000000,-28,1086.161949,-273.193990,7.840000,-281.033990
1626,48.357553,49.278898,48.558898,50.558898,noise,none,0.000000,-28,1086.161949,-267.849547,7.840000,-275.689547
1627,46.693959,46.484682,45.764682,47.764682,noise,none,0.000000,-28,1086.161949,-221.268898,7.840000,-229.108898
1628,46.952625,46.854334,46.134334,48.134334,informed,none,0.000000,-28,1086.161949,-228.511543,7.840000,-236.351543
1629,45.463722,45.870304,45.150304,47.150304,noise,none,0.000000,-28,1086.161949,-186.822254,7.840000,-194.662254
1630,45.821588,47.072710,46.352710,48.352710,informed,sell_to_mm,46.352710,-27,1039.809239,-197.373638,7.290000,-204.663638
1631,45.473554,45.089153,44.359153,46.359153,noise,none,0.000000,-27,1039.809239,-187.976717,7.290000,-195.266717
1632,45.786482,44.867481,44.137481,46.137481,noise,none,0.000000,-27,1039.809239,-196.425767,7.290000,-203.715767
1633,44.240082,44.566533,43.836533,45.836533,noise,sell_to_mm,43.836533,-26,995.972706,-154.269414,6.760000,-161.029414
1634,43.784457,43.702053,42.962053,44.962053,informed,none,0.000000,-26,995.972706,-142.423189,6.760000,-149.183189
1635,43.668400,43.642686,42.902686,44.902686,noise,none,0.000000,-26,995.972706,-139.405688,6.760000,-146.165688
1636,42.499886,42.817905,42.077905,44.077905,informed,none,0.000000,-26,995.972706,-109.024331,6.760000,-115.784331
1637,43.459248,44.527221,43.787221,45.787221,noise,none,0.000000,-26,995.972706,-133.967735,6.760000,-140.727735
1638,42.218632,42.483066,41.743066,43.743066,noise,buy_from_mm,43.743066,-27,1039.715772,-100.187295,7.290000,-107.477295
1639,41.596813,41.444718,40.714718,42.714718,noise,sell_to_mm,40.714718,-26,999.001054,-82.516076,6.760000,-89.276076
1640,40.796380,40.831079,40.091079,42.091079,informed,none,0.000000,-26,999.001054,-61.704825,6.760000,-68.464825
1641,39.557605,39.402293,38.662293,40.662293,noise,none,0.000000,-26,999.001054,-29.496686,6.760000,-36.256686
1642,39.572001,39.411911,38.671911,40.671911,noise,none,0.000000,-26,999.001054,-29.870961,6.760000,-36.630961
1643,40.356834,39.812037,39.072037,41.072037,noise,sell_to_mm,39.072037,-25,959.929017,-48.991823,6.250000,-55.241823
1644,40.128594,40.038582,39.288582,41.288582,informed,none,0.000000,-25,959.929017,-43.285828,6.250000,-49.535828
1645,40.303367,40.613580,39.863580,41.863580,noise,sell_to_mm,39.863580,-24,920.065437,-47.215366,5.760000,-52.975366
1646,40.093933,39.228643,38.468643,40.468643,noise,none,0.000000,-24,920.065437,-42.188949,5.760000,-47.948949
1647,39.684035,39.703624,38.943624,40.943624,noise,none,0.000000,-24,920.065437,-32.351403,5.760000,-38.111403
1648,39.115571,39.635641,38.875641,40.875641,informed,none,0.000000,-24,920.065437,-18.708256,5.760000,-24.468256
1649,37.765906,37.248862,36.488862,38.488862,informed,none,0.000000,-24,920.065437,13.683685,5.760000,7.923685
1650,36.040194,35.679777,34.919777,36.919777,informed,none,0.000000,-24,920.065437,55.100774,5.760000,49.340774
1651,37.900888,37.250994,36.490994,38.490994,noise,buy_from_mm,38.490994,-25,958.556431,11.034219,6.250000,4.784219
1652,37.644167,37.390469,36.640469,38.640469,noise,sell_to_mm,36.640469,-24,921.915962,18.455948,5.760000,12.695948
1653,37.404551,37.537486,36.777486,38.777486,informed,none,0.000000,-24,921.915962,24.206747,5.760000,18.446747
1654,37.762257,37.618221,36.858221,38.858221,noise,buy_from_mm,38.858221,-25,960.774183,16.717769,6.250000,10.467769
1655,36.822367,36.307615,35.557615,37.557615,informed,none,0.000000,-25,960.774183,40.215019,6.250000,33.965019
1656,37.402697,37.643790,36.893790,38.893790,informed,none,0.000000,-25,960.774183,25.706748,6.250000,19.456748
1657,39.319894,38.998356,38.248356,40.248356,noise,none,0.000000,-25,960.774183,-22.223158,6.250000,-28.473158
1658,37.964439,37.604240,36.854240,38.854240,informed,none,0.000000,-25,960.774183,11.663215,6.250000,5.413215
1659,37.891560,37.837777,37.087777,39.087777,informed,none,0.000000,-25,960.774183,13.485190,6.250000,7.235190
1660,39.167226,38.633953,37.883953,39.883953,informed,none,0.000000,-25,960.774183,-18.406464,6.250000,-24.656464
1661,40.578822,41.063821,40.313821,42.313821,informed,none,0.000000,-25,960.774183,-53.696357,6.250000,-59.946357
1662,41.238993,41.070451,40.320451,42.320451,noise,sell_to_mm,40.320451,-24,920.453731,-69.282093,5.760000,-75.042093
1663,39.613232,39.249102,38.489102,40.489102,noise,none,0.000000,-24,920.453731,-30.263831,5.760000,-36.023831
1664,39.189337,39.514038,38.754038,40.754038,noise,sell_to_mm,38.754038,-23,881.699693,-19.655051,5.290000,-24.945051
1665,40.583634,39.317809,38.547809,40.547809,noise,sell_to_mm,38.547809,-22,843.151884,-49.688072,4.840000,-54.528072
1666,40.243508,40.095215,39.315215,41.315215,informed,none,0.000000,-22,843.151884,-42.205283,4.840000,-47.045283
1667,39.435087,38.769124,37.989124,39.989124,informed,none,0.000000,-22,843.151884,-24.420030,4.840000,-29.260030
1668,39.247080,38.933532,38.153532,40.153532,informed,none,0.000000,-22,843.151884,-20.283877,4.840000,-25.123877
1669,39.552177,40.034149,39.254149,41.254149,informed,none,0.000000,-22,843.151884,-26.996017,4.840000,-31.836017
1670,40.260705,39.879689,39.099689,41.099689,informed,none,0.000000,-22,843.151884,-42.583624,4.840000,-47.423624
1671,40.384848,39.582167,38.802167,40.802167,informed,none,0.000000,-22,843.151884,-45.314763,4.840000,-50.154763
1672,40.543331,40.607067,39.827067,41.827067,noise,none,0.000000,-22,843.151884,-48.801407,4.840000,-53.641407
1673,41.482085,41.350285,40.570285,42.570285,informed,none,0.000000,-22,843.151884,-69.453980,4.840000,-74.293980
1674,42.305555,42.931331,42.151331,44.151331,noise,none,0.000000,-22,843.151884,-87.570331,4.840000,-92.410331
1675,43.615022,43.473852,42.693852,44.693852,noise,none,0.000000,-22,843.151884,-116.378608,4.840000,-121.218608
1676,42.883850,42.721796,41.941796,43.941796,informed,none,0.000000,-22,843.151884,-100.292821,4.840000,-105.132821
1677,42.504938,41.866625,41.086625,43.086625,noise,buy_from_mm,43.086625,-23,886.238509,-91.375064,5.290000,-96.665064
1678,43.574623,44.314417,43.544417,45.544417,informed,none,0.000000,-23,886.238509,-115.977823,5.290000,-121.267823
1679,45.462843,45.958816,45.188816,47.188816,noise,none,0.000000,-23,886.238509,-159.406876,5.290000,-164.696876
1680,46.836277,46.593790,45.823790,47.823790,noise,none,0.000000,-23,886.238509,-190.995853,5.290000,-196.285853
1681,45.214108,44.531266,43.761266,45.761266,noise,none,0.000000,-23,886.238509,-153.685975,5.290000,-158.975975
1682,43.755455,43.502696,42.732696,44.732696,informed,none,0.000000,-23,886.238509,-120.136947,5.290000,-125.426947
1683,43.572353,43.404156,42.634156,44.634156,informed,none,0.000000,-23,886.238509,-115.925603,5.290000,-121.215603
1684,44.529215,44.613033,43.843033,45.843033,noise,none,0.000000,-23,886.238509,-137.933446,5.290000,-143.223446
1685,45.672967,45.761508,44.991508,46.991508,noise,none,0.000000,-23,886.238509,-164.239726,5.290000,-169.529726
1686,46.708042,46.607296,45.837296,47.837296,informed,none,0.000000,-23,886.238509,-188.046462,5.290000,-193.336462
1687,47.956590,48.015953,47.245953,49.245953,informed,none,0.000000,-23,886.238509,-216.763054,5.290000,-222.053054
1688,47.089409,47.877499,47.107499,49.107499,noise,none,0.000000,-23,886.238509,-196.817908,5.290000,-202.107908
1689,47.866198,48.095824,47.325824,49.325824,noise,buy_from_mm,49.325824,-24,935.564333,-213.224414,5.760000,-218.984414
1690,48.223560,48.048616,47.288616,49.288616,noise,none,0.000000,-24,935.564333,-221.801114,5.760000,-227.561114
1691,48.202205,47.644998,46.884998,48.884998,informed,none,0.000000,-24,935.564333,-221.288577,5.760000,-227.048577
1692,49.617581,50.077176,49.317176,51.317176,informed,none,0.000000,-24,935.564333,-255.257613,5.760000,-261.017613
1693,49.668711,50.835397,50.075397,52.075397,noise,none,0.000000,-24,935.564333,-256.484732,5.760000,-262.244732
1694,47.637491,46.751283,45.991283,47.991283,noise,none,0.000000,-24,935.564333,-207.735453,5.760000,-213.495453
1695,47.601342,47.764531,47.004531,49.004531,noise,sell_to_mm,47.004531,-23,888.559802,-206.271061,5.290000,-211.561061
1696,47.723444,47.250675,46.480675,48.480675,noise,none,0.000000,-23,888.559802,-209.079416,5.290000,-214.369416
1697,47.457423,46.649445,45.879445,47.879445,informed,none,0.000000,-23,888.559802,-202.960923,5.290000,-208.250923
1698,47.757122,47.876906,47.106906,49.106906,noise,none,0.000000,-23,888.559802,-209.854003,5.290000,-215.144003
1699,46.735480,45.900570,45.130570,47.130570,noise,none,0.000000,-23,888.559802,-186.356229,5.290000,-191.646229
1700,47.977403,46.998302,46.228302,48.228302,informed,none,0.000000,-23,888.559802,-214.920462,5.290000,-220.210462
1701,49.196145,48.859526,48.089526,50.089526,informed,none,0.000000,-23,888.559802,-242.951531,5.290000,-248.241531
1702,48.793299,47.971767,47.201767,49.201767,noise,none,0.000000,-23,888.559802,-233.686069,5.290000,-238.976069
1703,48.461375,49.028743,48.258743,50.258743,noise,buy_from_mm,50.258743,-24,938.818545,-224.254453,5.760000,-230.014453
1704,47.307522,46.514912,45.754912,47.754912,noise,none,0.000000,-24,938.818545,-196.561989,5.760000,-202.321989
1705,48.129692,47.988748,47.228748,49.228748,informed,none,0.000000,-24,938.818545,-216.294057,5.760000,-222.054057
1706,48.120912,48.278609,47.518609,49.518609,noise,none,0.000000,-24,938.818545,-216.083342,5.760000,-221.843342
1707,47.174246,46.932991,46.172991,48.172991,noise,none,0.000000,-24,938.818545,-193.363364,5.760000,-199.123364
1708,45.812309,45.621372,44.861372,46.861372,informed,none,0.000000,-24,938.818545,-160.676863,5.760000,-166.436863
1709,47.398996,47.287575,46.527575,48.527575,informed,none,0.000000,-24,938.818545,-198.757364,5.760000,-204.517364
1710,48.562211,49.599461,48.839461,50.839461,informed,sell_to_mm,48.839461,-23,889.979084,-226.951779,5.290000,-232.241779
1711,48.045073,48.032921,47.262921,49.262921,informed,none,0.000000,-23,889.979084,-215.057589,5.290000,-220.347589
1712,47.614193,47.852783,47.082783,49.082783,noise,none,0.000000,-23,889.979084,-205.147358,5.290000,-210.437358
1713,48.496999,48.785654,48.015654,50.015654,informed,none,0.000000,-23,889.979084,-225.451898,5.290000,-230.741898
1714,48.553057,48.578879,47.808879,49.808879,informed,none,0.000000,-23,889.979084,-226.741238,5.290000,-232.031238
1715,48.188043,47.537809,46.767809,48.767809,noise,none,0.000000,-23,889.979084,-218.345897,5.290000,-223.635897
1716,48.253489,47.910116,47.140116,49.140116,informed,none,0.000000,-23,889.979084,-219.851155,5.290000,-225.141155
1717,46.300699,47.161937,46.391937,48.391937,informed,sell_to_mm,46.391937,-22,843.587147,-175.028235,4.840000,-179.868235
1718,46.006030,45.678433,44.898433,46.898433,noise,buy_from_mm,46.898433,-23,890.485581,-167.653111,5.290000,-172.943111
1719,45.898045,44.583887,43.813887,45.813887,informed,buy_from_mm,45.813887,-24,936.299468,-165.253605,5.760000,-171.013605
1720,46.850007,47.254294,46.494294,48.494294,informed,none,0.000000,-24,936.299468,-188.100711,5.760000,-193.860711
1721,47.254115,47.132725,46.372725,48.372725,informed,none,0.000000,-24,936.299468,-197.799295,5.760000,-203.559295
1722,47.489593,47.852290,47.092290,49.092290,noise,buy_from_mm,49.092290,-25,985.391758,-201.848063,6.250000,-208.098063
1723,50.767281,52.187699,51.437699,53.437699,noise,none,0.000000,-25,985.391758,-283.790256,6.250000,-290.040256
1724,50.739600,50.443059,49.693059,51.693059,noise,none,0.000000,-25,985.391758,-283.098254,6.250000,-289.348254
1725,51.210172,50.563194,49.813194,51.813194,informed,none,0.000000,-25,985.391758,-294.862548,6.250000,-301.112548
1726,51.977625,51.189461,50.439461,52.439461,informed,none,0.000000,-25,985.391758,-314.048856,6.250000,-320.298856
1727,52.273594,52.616275,51.866275,53.866275,informed,none,0.000000,-25,985.391758,-321.448094,6.250000,-327.698094
1728,51.202955,51.226085,50.476085,52.476085,informed,none,0.000000,-25,985.391758,-294.682127,6.250000,-300.932127
1729,50.613168,49.968459,49.218459,51.218459,noise,none,0.000000,-25,985.391758,-279.937435,6.250000,-286.187435
1730,51.923878,52.162175,51.412175,53.412175,noise,buy_from_mm,53.412175,-26,1038.803933,-311.216889,6.760000,-317.976889
1731,52.939230,52.233629,51.493629,53.493629,noise,none,0.000000,-26,1038.803933,-337.616053,6.760000,-344.376053
1732,53.680725,53.776213,53.036213,55.036213,informed,none,0.000000,-26,1038.803933,-356.894913,6.760000,-363.654913
1733,53.377298,53.313279,52.573279,54.573279,noise,buy_from_mm,54.573279,-27,1093.377211,-347.809821,7.290000,-355.099821
1734,53.814546,53.410192,52.680192,54.680192,informed,none,0.000000,-27,1093.377211,-359.615537,7.290000,-366.905537
1735,53.825086,53.015163,52.285163,54.285163,noise,none,0.000000,-27,1093.377211,-359.900108,7.290000,-367.190108
1736,54.657724,54.205265,53.475265,55.475265,noise,none,0.000000,-27,1093.377211,-382.381330,7.290000,-389.671330
1737,54.690158,55.577788,54.847788,56.847788,noise,none,0.000000,-27,1093.377211,-383.257066,7.290000,-390.547066
1738,53.942812,53.001884,52.271884,54.271884,noise,none,0.000000,-27,1093.377211,-363.078703,7.290000,-370.368703
1739,55.340560,55.584920,54.854920,56.854920,noise,none,0.000000,-27,1093.377211,-400.817922,7.290000,-408.107922
1740,56.529076,56.180076,55.450076,57.450076,noise,buy_from_mm,57.450076,-28,1150.827287,-431.986828,7.840000,-439.826828
1741,57.073186,57.540197,56.820197,58.820197,noise,none,0.000000,-28,1150.827287,-447.221922,7.840000,-455.061922
1742,59.218007,60.062891,59.342891,61.342891,informed,sell_to_mm,59.342891,-27,1091.484396,-507.401799,7.290000,-514.691799
1743,59.973694,59.755076,59.025076,61.025076,noise,none,0.000000,-27,1091.484396,-527.805354,7.290000,-535.095354
1744,58.446672,58.834473,58.104473,60.104473,noise,none,0.000000,-27,1091.484396,-486.575759,7.290000,-493.865759
1745,58.261477,58.447784,57.717784,59.717784,noise,sell_to_mm,57.717784,-26,1033.766612,-481.031782,6.760000,-487.791782
1746,59.165900,59.064857,58.324857,60.324857,noise,buy_from_mm,60.324857,-27,1094.091470,-503.387821,7.290000,-510.677821
1747,60.246984,60.043129,59.313129,61.313129,noise,buy_from_mm,61.313129,-28,1155.404599,-531.510963,7.840000,-539.350963
1748,59.604758,59.602697,58.882697,60.882697,noise,sell_to_mm,58.882697,-27,1096.521902,-512.806552,7.290000,-520.096552
1749,62.251076,61.931759,61.201759,63.201759,informed,none,0.000000,-27,1096.521902,-584.257148,7.290000,-591.547148
1750,63.759209,63.484432,62.754432,64.754432,noise,none,0.000000,-27,1096.521902,-624.976733,7.290000,-632.266733
1751,63.621725,63.463389,62.733389,64.733389,noise,none,0.000000,-27,1096.521902,-621.264661,7.290000,-628.554661
1752,63.813600,64.792290,64.062290,66.062290,noise,sell_to_mm,64.062290,-26,1032.459612,-626.693980,6.760000,-633.453980
1753,62.675409,62.854523,62.114523,64.114523,informed,none,0.000000,-26,1032.459612,-597.101022,6.760000,-603.861022
1754,62.225296,61.869483,61.129483,63.129483,noise,sell_to_mm,61.129483,-25,971.330129,-584.302259,6.250000,-590.552259
1755,63.129832,64.110131,63.360131,65.360131,informed,sell_to_mm,63.360131,-24,907.969998,-607.145962,5.760000,-612.905962
1756,63.467901,63.123172,62.363172,64.363172,informed,none,0.000000,-24,907.969998,-615.259633,5.760000,-621.019633
1757,63.203749,64.218880,63.458880,65.458880,informed,sell_to_mm,63.458880,-23,844.511118,-609.175103,5.290000,-614.465103
1758,64.756806,64.730170,63.960170,65.960170,informed,none,0.000000,-23,844.511118,-644.895424,5.290000,-650.185424
1759,64.184802,64.378593,63.608593,65.608593,informed,none,0.000000,-23,844.511118,-631.739325,5.290000,-637.029325
1760,64.730701,64.900465,64.130465,66.130465,informed,none,0.000000,-23,844.511118,-644.295011,5.290000,-649.585011
1761,64.317219,64.292258,63.522258,65.522258,noise,none,0.000000,-23,844.511118,-634.784922,5.290000,-640.074922
1762,63.766622,63.891168,63.121168,65.121168,informed,none,0.000000,-23,844.511118,-622.121197,5.290000,-627.411197
1763,65.130663,65.523369,64.753369,66.753369,informed,none,0.000000,-23,844.511118,-653.494123,5.290000,-658.784123
1764,65.314457,65.227464,64.457464,66.457464,noise,buy_from_mm,66.457464,-24,910.968582,-656.578394,5.760000,-662.338394
1765,63.697032,64.084180,63.324180,65.324180,noise,sell_to_mm,63.324180,-23,847.644402,-617.387340,5.290000,-622.677340
1766,63.626766,63.805729,63.035729,65.035729,noise,none,0.000000,-23,847.644402,-615.771226,5.290000,-621.061226
1767,64.596159,65.027086,64.257086,66.257086,noise,buy_from_mm,66.257086,-24,913.901489,-636.406317,5.760000,-642.166317
1768,65.376819,65.774053,65.014053,67.014053,informed,none,0.000000,-24,913.901489,-655.142161,5.760000,-660.902161
1769,65.589178,66.191866,65.431866,67.431866,informed,none,0.000000,-24,913.901489,-660.238776,5.760000,-665.998776
1770,63.362506,63.503734,62.743734,64.743734,informed,none,0.000000,-24,913.901489,-606.798656,5.760000,-612.558656
1771,63.909530,64.838332,64.078332,66.078332,noise,sell_to_mm,64.078332,-23,849.823156,-620.096036,5.290000,-625.386036
1772,62.347553,62.374443,61.604443,63.604443,informed,none,0.000000,-23,849.823156,-584.170565,5.290000,-589.460565
1773,63.501175,63.835055,63.065055,65.065055,noise,none,0.000000,-23,849.823156,-610.703880,5.290000,-615.993880
1774,65.712157,65.989514,65.219514,67.219514,noise,none,0.000000,-23,849.823156,-661.556462,5.290000,-666.846462
1775,66.586844,66.059489,65.289489,67.289489,noise,none,0.000000,-23,849.823156,-681.674250,5.290000,-686.964250
1776,67.820376,67.467277,66.697277,68.697277,noise,none,0.000000,-23,849.823156,-710.045496,5.290000,-715.335496
1777,68.491411,68.376290,67.606290,69.606290,informed,none,0.000000,-23,849.823156,-725.479305,5.290000,-730.769305
1778,69.037124,68.472868,67.702868,69.702868,noise,none,0.000000,-23,849.823156,-738.030684,5.290000,-743.320684
1779,66.488723,66.110192,65.340192,67.340192,informed,none,0.000000,-23,849.823156,-679.417465,5.290000,-684.707465
1780,66.360106,66.266914,65.496914,67.496914,noise,none,0.000000,-23,849.823156,-676.459289,5.290000,-681.749289
1781,66.895487,67.084988,66.314988,68.314988,noise,buy_from_mm,68.314988,-24,918.138144,-687.353543,5.760000,-693.113543
1782,67.338813,67.996395,67.236395,69.236395,noise,none,0.000000,-24,918.138144,-697.993369,5.760000,-703.753369
1783,68.868626,68.353152,67.593152,69.593152,informed,none,0.000000,-24,918.138144,-734.708890,5.760000,-740.468890
1784,69.570186,69.976556,69.216556,71.216556,informed,none,0.000000,-24,918.138144,-751.546323,5.760000,-757.306323
1785,70.016331,70.539282,69.779282,71.779282,informed,none,0.000000,-24,918.138144,-762.253795,5.760000,-768.013795
1786,70.530965,70.588649,69.828649,71.828649,informed,none,0.000000,-24,918.138144,-774.605014,5.760000,-780.365014
1787,71.567884,72.686334,71.926334,73.926334,noise,none,0.000000,-24,918.138144,-799.491067,5.760000,-805.251067
1788,72.382657,72.299446,71.539446,73.539446,noise,none,0.000000,-24,918.138144,-819.045616,5.760000,-824.805616
1789,74.504038,74.338612,73.578612,75.578612,noise,buy_from_mm,75.578612,-25,993.716757,-868.884198,6.250000,-875.134198
1790,74.610554,75.072873,74.322873,76.322873,noise,buy_from_mm,76.322873,-26,1070.039630,-869.834786,6.760000,-876.594786
1791,74.184577,73.874701,73.134701,75.134701,noise,none,0.000000,-26,1070.039630,-858.759382,6.760000,-865.519382
1792,73.963887,73.404397,72.664397,74.664397,noise,none,0.000000,-26,1070.039630,-853.021434,6.760000,-859.781434
1793,73.462502,73.984544,73.244544,75.244544,informed,none,0.000000,-26,1070.039630,-839.985414,6.760000,-846.745414
1794,74.285225,75.059657,74.319657,76.319657,noise,none,0.000000,-26,1070.039630,-861.376232,6.760000,-868.136232
1795,74.909205,74.769491,74.029491,76.029491,informed,none,0.000000,-26,1070.039630,-877.599708,6.760000,-884.359708
1796,75.315208,76.205080,75.465080,77.465080,noise,none,0.000000,-26,1070.039630,-888.155790,6.760000,-894.915790
1797,74.483476,73.868458,73.128458,75.128458,informed,none,0.000000,-26,1070.039630,-866.530739,6.760000,-873.290739
1798,73.591371,72.854351,72.114351,74.114351,informed,none,0.000000,-26,1070.039630,-843.336027,6.760000,-850.096027
1799,73.314803,72.815093,72.075093,74.075093,noise,none,0.000000,-26,1070.039630,-836.145256,6.760000,-842.905256
1800,74.575825,74.585874,73.845874,75.845874,noise,none,0.000000,-26,1070.039630,-868.931821,6.760000,-875.691821
1801,75.048792,75.296989,74.556989,76.556989,noise,none,0.000000,-26,1070.039630,-881.228953,6.760000,-887.988953
1802,74.899217,74.261389,73.521389,75.521389,informed,none,0.000000,-26,1070.039630,-877.340012,6.760000,-884.100012
1803,75.318909,75.277268,74.537268,76.537268,informed,none,0.000000,-26,1070.039630,-888.252008,6.760000,-895.012008
1804,75.166568,75.098793,74.358793,76.358793,informed,none,0.000000,-26,1070.039630,-884.291148,6.760000,-891.051148
1805,74.615891,74.604702,73.864702,75.864702,noise,sell_to_mm,73.864702,-25,996.174927,-869.222353,6.250000,-875.472353
1806,73.779458,73.265013,72.515013,74.515013,informed,none,0.000000,-25,996.174927,-848.311513,6.250000,-854.561513
1807,72.262370,71.675449,70.925449,72.925449,informed,none,0.000000,-25,996.174927,-810.384333,6.250000,-816.634333
1808,71.553300,71.585013,70.835013,72.835013,informed,none,0.000000,-25,996.174927,-792.657567,6.250000,-798.907567
1809,70.507578,71.172531,70.422531,72.422531,noise,none,0.000000,-25,996.174927,-766.514516,6.250000,-772.764516
1810,70.469190,70.923684,70.173684,72.173684,noise,sell_to_mm,70.173684,-24,926.001244,-765.259319,5.760000,-771.019319
1811,70.782125,71.063800,70.303800,72.303800,noise,none,0.000000,-24,926.001244,-772.769755,5.760000,-778.529755
1812,71.008628,71.118329,70.358329,72.358329,noise,buy_from_mm,72.358329,-25,998.359573,-776.856125,6.250000,-783.106125
1813,70.942614,71.344558,70.594558,72.594558,noise,sell_to_mm,70.594558,-24,927.765015,-774.857720,5.760000,-780.617720
1814,71.382909,70.902022,70.142022,72.142022,noise,none,0.000000,-24,927.765015,-785.424801,5.760000,-791.184801
1815,71.055120,71.476513,70.716513,72.716513,informed,none,0.000000,-24,927.765015,-777.557867,5.760000,-783.317867
1816,71.268822,71.682830,70.922830,72.922830,informed,none,0.000000,-24,927.765015,-782.686709,5.760000,-788.446709
1817,71.596483,71.608384,70.848384,72.848384,noise,sell_to_mm,70.848384,-23,856.916631,-789.802483,5.290000,-795.092483
1818,72.085388,70.974212,70.204212,72.204212,noise,none,0.000000,-23,856.916631,-801.047293,5.290000,-806.337293
1819,72.114783,71.599662,70.829662,72.829662,noise,buy_from_mm,72.829662,-24,929.746293,-801.008493,5.760000,-806.768493
1820,70.791094,71.525025,70.765025,72.765025,noise,sell_to_mm,70.765025,-23,858.981268,-769.213884,5.290000,-774.503884
1821,69.403770,69.693438,68.923438,70.923438,noise,none,0.000000,-23,858.981268,-737.305448,5.290000,-742.595448
1822,69.073037,68.694082,67.924082,69.924082,noise,buy_from_mm,69.924082,-24,928.905350,-728.847538,5.760000,-734.607538
1823,70.872308,70.814761,70.054761,72.054761,informed,none,0.000000,-24,928.905350,-772.030031,5.760000,-777.790031
1824,69.464559,69.096949,68.336949,70.336949,noise,none,0.000000,-24,928.905350,-738.244076,5.760000,-744.004076
1825,69.092305,69.124235,68.364235,70.364235,noise,none,0.000000,-24,928.905350,-729.309966,5.760000,-735.069966
1826,68.783283,69.871699,69.111699,71.111699,informed,sell_to_mm,69.111699,-23,859.793651,-722.221865,5.290000,-727.511865
1827,68.311622,68.460454,67.690454,69.690454,noise,buy_from_mm,69.690454,-24,929.484105,-709.994811,5.760000,-715.754811
1828,67.105463,66.251255,65.491255,67.491255,noise,buy_from_mm,67.491255,-25,996.975360,-680.661219,6.250000,-686.911219
1829,65.591824,65.703818,64.953818,66.953818,noise,none,0.000000,-25,996.975360,-642.820228,6.250000,-649.070228
1830,65.685525,65.625113,64.875113,66.875113,informed,none,0.000000,-25,996.975360,-645.162772,6.250000,-651.412772
1831,65.909461,65.492590,64.742590,66.742590,informed,none,0.000000,-25,996.975360,-650.761153,6.250000,-657.011153
1832,65.315970,65.041529,64.291529,66.291529,informed,none,0.000000,-25,996.975360,-635.923882,6.250000,-642.173882
1833,64.226008,64.313575,63.563575,65.563575,noise,none,0.000000,-25,996.975360,-608.674831,6.250000,-614.924831
1834,64.194705,64.880259,64.130259,66.130259,noise,none,0.000000,-25,996.975360,-607.892253,6.250000,-614.142253
1835,65.291325,65.238196,64.488196,66.488196,informed,none,0.000000,-25,996.975360,-635.307753,6.250000,-641.557753
1836,65.297979,65.073157,64.323157,66.323157,noise,none,0.000000,-25,996.975360,-635.474106,6.250000,-641.724106
1837,64.768599,63.790162,63.040162,65.040162,noise,none,0.000000,-25,996.975360,-622.239611,6.250000,-628.489611
1838,64.494814,64.180228,63.430228,65.430228,informed,none,0.000000,-25,996.975360,-615.394988,6.250000,-621.644988
1839,64.111928,65.059518,64.309518,66.309518,informed,sell_to_mm,64.309518,-24,932.665842,-606.020426,5.760000,-611.780426
1840,65.990490,66.048239,65.288239,67.288239,noise,none,0.000000,-24,932.665842,-651.105928,5.760000,-656.865928
1841,67.214546,66.440796,65.680796,67.680796,informed,none,0.000000,-24,932.665842,-680.483270,5.760000,-686.243270
1842,67.345178,66.879417,66.119417,68.119417,noise,none,0.000000,-24,932.665842,-683.618429,5.760000,-689.378429
1843,66.413908,66.973193,66.213193,68.213193,noise,none,0.000000,-24,932.665842,-661.267939,5.760000,-667.027939
1844,66.048392,66.269145,65.509145,67.509145,informed,none,0.000000,-24,932.665842,-652.495564,5.760000,-658.255564
1845,65.252833,65.549369,64.789369,66.789369,informed,none,0.000000,-24,932.665842,-633.402157,5.760000,-639.162157
1846,64.154614,64.669801,63.909801,65.909801,noise,none,0.000000,-24,932.665842,-607.044890,5.760000,-612.804890
1847,64.894077,64.588406,63.828406,65.828406,noise,none,0.000000,-24,932.665842,-624.792014,5.760000,-630.552014
1848,65.339695,66.211188,65.451188,67.451188,noise,sell_to_mm,65.451188,-23,867.214654,-635.598341,5.290000,-640.888341
1849,64.378452,64.096691,63.326691,65.326691,noise,none,0.000000,-23,867.214654,-613.489745,5.290000,-618.779745
1850,65.008968,64.665084,63.895084,65.895084,noise,none,0.000000,-23,867.214654,-627.991612,5.290000,-633.281612
1851,66.080875,65.923946,65.153946,67.153946,noise,none,0.000000,-23,867.214654,-652.645461,5.290000,-657.935461
1852,65.884683,65.930592,65.160592,67.160592,noise,buy_from_mm,67.160592,-24,934.375245,-646.857151,5.760000,-652.617151
1853,66.029841,65.316955,64.556955,66.556955,informed,none,0.000000,-24,934.375245,-650.340930,5.760000,-656.100930
1854,67.798743,67.499797,66.739797,68.739797,noise,buy_from_mm,68.739797,-25,1003.115043,-691.853531,6.250000,-698.103531
1855,68.126953,68.752720,68.002720,70.002720,informed,none,0.000000,-25,1003.115043,-700.058785,6.250000,-706.308785
1856,67.890003,68.427504,67.677504,69.677504,noise,none,0.000000,-25,1003.115043,-694.135024,6.250000,-700.385024
1857,67.130905,67.596859,66.846859,68.846859,informed,none,0.000000,-25,1003.115043,-675.157594,6.250000,-681.407594
1858,66.618526,66.277008,65.527008,67.527008,informed,none,0.000000,-25,1003.115043,-662.348095,6.250000,-668.598095
1859,67.526612,67.477199,66.727199,68.727199,noise,none,0.000000,-25,1003.115043,-685.050266,6.250000,-691.300266
1860,68.324823,68.396850,67.646850,69.646850,noise,none,0.000000,-25,1003.115043,-705.005532,6.250000,-711.255532
1861,68.246411,68.671362,67.921362,69.921362,noise,none,0.000000,-25,1003.115043,-703.045241,6.250000,-709.295241
1862,67.213392,67.024166,66.274166,68.274166,informed,none,0.000000,-25,1003.115043,-677.219769,6.250000,-683.469769
1863,67.208469,67.621158,66.871158,68.871158,noise,sell_to_mm,66.871158,-24,936.243885,-676.759368,5.760000,-682.519368
1864,68.118910,67.243883,66.483883,68.483883,noise,none,0.000000,-24,936.243885,-698.609956,5.760000,-704.369956
1865,67.133552,67.318654,66.558654,68.558654,noise,sell_to_mm,66.558654,-23,869.685231,-674.386458,5.290000,-679.676458
1866,65.863760,65.792287,65.022287,67.022287,noise,none,0.000000,-23,869.685231,-645.181243,5.290000,-650.471243
1867,65.367799,65.453501,64.683501,66.683501,noise,none,0.000000,-23,869.685231,-633.774141,5.290000,-639.064141
1868,64.716323,64.281018,63.511018,65.511018,informed,none,0.000000,-23,869.685231,-618.790188,5.290000,-624.080188
1869,63.186808,62.675530,61.905530,63.905530,informed,none,0.000000,-23,869.685231,-583.611349,5.290000,-588.901349
1870,61.289629,60.943445,60.173445,62.173445,noise,none,0.000000,-23,869.685231,-539.976240,5.290000,-545.266240
1871,61.270963,60.767015,59.997015,61.997015,noise,buy_from_mm,61.997015,-24,931.682246,-538.820869,5.760000,-544.580869
1872,61.091093,60.858353,60.098353,62.098353,noise,none,0.000000,-24,931.682246,-534.503981,5.760000,-540.263981
1873,62.164946,61.560025,60.800025,62.800025,informed,none,0.000000,-24,931.682246,-560.276447,5.760000,-566.036447
1874,62.509449,61.724951,60.964951,62.964951,noise,none,0.000000,-24,931.682246,-568.544539,5.760000,-574.304539
1875,62.855597,62.747829,61.987829,63.987829,noise,none,0.000000,-24,931.682246,-576.852074,5.760000,-582.612074
1876,63.305505,63.202868,62.442868,64.442868,informed,none,0.000000,-24,931.682246,-587.649879,5.760000,-593.409879
1877,64.583889,64.530006,63.770006,65.770006,informed,none,0.000000,-24,931.682246,-618.331093,5.760000,-624.091093
1878,65.033140,65.795355,65.035355,67.035355,informed,sell_to_mm,65.035355,-23,866.646891,-629.115330,5.290000,-634.405330
1879,64.239775,64.528086,63.758086,65.758086,noise,none,0.000000,-23,866.646891,-610.867923,5.290000,-616.157923
1880,62.643961,62.331480,61.561480,63.561480,noise,sell_to_mm,61.561480,-22,805.085411,-573.081731,4.840000,-577.921731
1881,62.427659,61.323317,60.543317,62.543317,noise,none,0.000000,-22,805.085411,-568.323093,4.840000,-573.163093
1882,62.584377,61.990295,61.210295,63.210295,informed,none,0.000000,-22,805.085411,-571.770875,4.840000,-576.610875
1883,62.354670,61.681078,60.901078,62.901078,informed,none,0.000000,-22,805.085411,-566.717333,4.840000,-571.557333
1884,63.254888,62.496621,61.716621,63.716621,noise,none,0.000000,-22,805.085411,-586.522135,4.840000,-591.362135
1885,64.221352,64.046459,63.266459,65.266459,informed,none,0.000000,-22,805.085411,-607.784323,4.840000,-612.624323
1886,64.557881,64.943575,64.163575,66.163575,noise,none,0.000000,-22,805.085411,-615.187961,4.840000,-620.027961
1887,63.202223,63.747463,62.967463,64.967463,noise,none,0.000000,-22,805.085411,-585.363500,4.840000,-590.203500
1888,63.629798,62.678636,61.898636,63.898636,noise,none,0.000000,-22,805.085411,-594.770138,4.840000,-599.610138
1889,64.467981,65.254544,64.474544,66.474544,informed,sell_to_mm,64.474544,-21,740.610868,-613.216734,4.410000,-617.626734
1890,65.292273,65.376250,64.586250,66.586250,informed,none,0.000000,-21,740.610868,-630.526871,4.410000,-634.936871
1891,64.561931,64.158937,63.368937,65.368937,informed,none,0.000000,-21,740.610868,-615.189690,4.410000,-619.599690
1892,64.561993,64.402998,63.612998,65.612998,noise,none,0.000000,-21,740.610868,-615.190994,4.410000,-619.600994
1893,63.852956,64.375381,63.585381,65.585381,noise,none,0.000000,-21,740.610868,-600.301202,4.410000,-604.711202
1894,63.436490,63.530726,62.740726,64.740726,noise,none,0.000000,-21,740.610868,-591.555421,4.410000,-595.965421
1895,62.289175,62.094004,61.304004,63.304004,informed,none,0.000000,-21,740.610868,-567.461800,4.410000,-571.871800
1896,60.266380,61.046533,60.256533,62.256533,noise,none,0.000000,-21,740.610868,-524.983105,4.410000,-529.393105
1897,60.155034,60.276193,59.486193,61.486193,noise,sell_to_mm,59.486193,-20,681.124675,-521.976014,4.000000,-525.976014
1898,61.264111,61.497783,60.697783,62.697783,informed,none,0.000000,-20,681.124675,-544.157553,4.000000,-548.157553
1899,60.809592,60.819678,60.019678,62.019678,informed,none,0.000000,-20,681.124675,-535.067158,4.000000,-539.067158
1900,61.083380,60.883554,60.083554,62.083554,informed,none,0.000000,-20,681.124675,-540.542927,4.000000,-544.542927
1901,58.013101,57.840496,57.040496,59.040496,noise,none,0.000000,-20,681.124675,-479.137340,4.000000,-483.137340
1902,58.189008,57.651123,56.851123,58.851123,noise,none,0.000000,-20,681.124675,-482.655490,4.000000,-486.655490
1903,57.810815,58.451070,57.651070,59.651070,informed,none,0.000000,-20,681.124675,-475.091618,4.000000,-479.091618
1904,57.510864,56.619993,55.819993,57.819993,noise,buy_from_mm,57.819993,-21,738.944668,-468.783477,4.410000,-473.193477
1905,58.321845,59.004960,58.214960,60.214960,informed,none,0.000000,-21,738.944668,-485.814072,4.410000,-490.224072
1906,58.702921,59.158359,58.368359,60.368359,noise,none,0.000000,-21,738.944668,-493.816681,4.410000,-498.226681
1907,58.637030,58.183292,57.393292,59.393292,noise,none,0.000000,-21,738.944668,-492.432960,4.410000,-496.842960
1908,58.540573,58.113001,57.323001,59.323001,noise,none,0.000000,-21,738.944668,-490.407359,4.410000,-494.817359
1909,58.415026,58.952611,58.162611,60.162611,informed,none,0.000000,-21,738.944668,-487.770887,4.410000,-492.180887
1910,58.236934,57.880184,57.090184,59.090184,noise,none,0.000000,-21,738.944668,-484.030948,4.410000,-488.440948
1911,56.767856,57.231802,56.441802,58.441802,noise,sell_to_mm,56.441802,-20,682.502866,-452.854262,4.000000,-456.854262
1912,58.480313,59.118953,58.318953,60.318953,informed,none,0.000000,-20,682.502866,-487.103392,4.000000,-491.103392
1913,59.322849,59.896291,59.096291,61.096291,noise,none,0.000000,-20,682.502866,-503.954107,4.000000,-507.954107
1914,59.022439,58.799053,57.999053,59.999053,noise,none,0.000000,-20,682.502866,-497.945917,4.000000,-501.945917
1915,60.575816,60.265725,59.465725,61.465725,informed,none,0.000000,-20,682.502866,-529.013457,4.000000,-533.013457
1916,59.500419,59.125632,58.325632,60.325632,informed,none,0.000000,-20,682.502866,-507.505517,4.000000,-511.505517
1917,58.915555,60.093800,59.293800,61.293800,informed,sell_to_mm,59.293800,-19,623.209066,-496.186485,3.610000,-499.796485
1918,60.513652,59.845383,59.035383,61.035383,informed,none,0.000000,-19,623.209066,-526.550314,3.610000,-530.160314
1919,60.728180,60.994457,60.184457,62.184457,noise,none,0.000000,-19,623.209066,-530.626352,3.610000,-534.236352
1920,60.153042,60.193624,59.383624,61.383624,noise,sell_to_mm,59.383624,-18,563.825443,-518.929306,3.240000,-522.169306
1921,58.347003,59.139951,58.319951,60.319951,noise,sell_to_mm,58.319951,-17,505.505491,-486.393559,2.890000,-489.283559
1922,57.350896,57.669289,56.839289,58.839289,informed,none,0.000000,-17,505.505491,-469.459744,2.890000,-472.349744
1923,58.450059,58.331639,57.501639,59.501639,informed,none,0.000000,-17,505.505491,-488.145520,2.890000,-491.035520
1924,56.760300,57.235428,56.405428,58.405428,informed,none,0.000000,-17,505.505491,-459.419605,2.890000,-462.309605
1925,57.975905,58.201488,57.371488,59.371488,noise,none,0.000000,-17,505.505491,-480.084888,2.890000,-482.974888
1926,57.263331,56.903072,56.073072,58.073072,informed,none,0.000000,-17,505.505491,-467.971140,2.890000,-470.861140
1927,58.203030,57.926957,57.096957,59.096957,informed,none,0.000000,-17,505.505491,-483.946017,2.890000,-486.836017
1928,61.002682,59.970081,59.140081,61.140081,noise,buy_from_mm,61.140081,-18,566.645572,-531.402696,3.240000,-534.642696
1929,60.026808,59.290568,58.470568,60.470568,informed,none,0.000000,-18,566.645572,-513.836966,3.240000,-517.076966
1930,61.250619,61.876023,61.056023,63.056023,informed,none,0.000000,-18,566.645572,-535.865564,3.240000,-539.105564
1931,61.837572,61.217495,60.397495,62.397495,informed,none,0.000000,-18,566.645572,-546.430723,3.240000,-549.670723
1932,61.651525,61.053990,60.233990,62.233990,noise,none,0.000000,-18,566.645572,-543.081883,3.240000,-546.321883
1933,62.195091,63.044128,62.224128,64.224128,noise,none,0.000000,-18,566.645572,-552.866069,3.240000,-556.106069
1934,61.909519,61.854408,61.034408,63.034408,noise,none,0.000000,-18,566.645572,-547.725773,3.240000,-550.965773
1935,62.624345,63.138453,62.318453,64.318453,noise,none,0.000000,-18,566.645572,-560.592632,3.240000,-563.832632
1936,60.457961,59.795770,58.975770,60.975770,noise,sell_to_mm,58.975770,-17,507.669802,-520.115543,2.890000,-523.005543
1937,58.508015,58.610117,57.780117,59.780117,informed,none,0.000000,-17,507.669802,-486.966446,2.890000,-489.856446
1938,58.864938,57.479995,56.649995,58.649995,informed,buy_from_mm,58.649995,-18,566.319797,-493.249092,3.240000,-496.489092
1939,58.505158,59.095859,58.275859,60.275859,noise,none,0.000000,-18,566.319797,-486.773048,3.240000,-490.013048
1940,58.635655,59.703624,58.883624,60.883624,noise,none,0.000000,-18,566.319797,-489.121985,3.240000,-492.361985
1941,56.635539,57.264871,56.444871,58.444871,informed,none,0.000000,-18,566.319797,-453.119910,3.240000,-456.359910
1942,55.345541,55.320095,54.500095,56.500095,noise,sell_to_mm,54.500095,-17,511.819702,-429.054491,2.890000,-431.944491
1943,55.849468,55.834105,55.004105,57.004105,noise,sell_to_mm,55.004105,-16,456.815597,-436.775886,2.560000,-439.335886
1944,54.936745,55.146982,54.306982,56.306982,informed,none,0.000000,-16,456.815597,-422.172329,2.560000,-424.732329
1945,56.573812,56.755325,55.915325,57.915325,noise,none,0.000000,-16,456.815597,-448.365402,2.560000,-450.925402
1946,57.224773,57.229374,56.389374,58.389374,noise,none,0.000000,-16,456.815597,-458.780769,2.560000,-461.340769
1947,55.731029,57.369911,56.529911,58.529911,informed,sell_to_mm,56.529911,-15,400.285685,-435.679748,2.250000,-437.929748
1948,55.300318,54.825157,53.975157,55.975157,noise,none,0.000000,-15,400.285685,-429.219084,2.250000,-431.469084
1949,54.874657,55.149446,54.299446,56.299446,noise,sell_to_mm,54.299446,-14,345.986239,-422.258956,1.960000,-424.218956
1950,54.924309,55.102699,54.242699,56.242699,noise,none,0.000000,-14,345.986239,-422.954088,1.960000,-424.914088
1951,54.685505,55.054683,54.194683,56.194683,noise,buy_from_mm,56.194683,-15,402.180922,-418.101657,2.250000,-420.351657
1952,54.329306,53.223152,52.373152,54.373152,noise,none,0.000000,-15,402.180922,-412.758670,2.250000,-415.008670
1953,53.640955,52.950138,52.100138,54.100138,noise,none,0.000000,-15,402.180922,-402.433400,2.250000,-404.683400
1954,55.308563,55.093866,54.243866,56.243866,noise,none,0.000000,-15,402.180922,-427.447530,2.250000,-429.697530
1955,54.903062,55.000696,54.150696,56.150696,noise,sell_to_mm,54.150696,-14,348.030226,-420.612640,1.960000,-422.572640
1956,56.132085,56.517591,55.657591,57.657591,informed,none,0.000000,-14,348.030226,-437.818959,1.960000,-439.778959
1957,57.335220,57.626658,56.766658,58.766658,informed,none,0.000000,-14,348.030226,-454.662860,1.960000,-456.622860
1958,56.607291,56.761052,55.901052,57.901052,informed,none,0.000000,-14,348.030226,-444.471847,1.960000,-446.431847
1959,57.974403,58.036785,57.176785,59.176785,noise,none,0.000000,-14,348.030226,-463.611417,1.960000,-465.571417
1960,57.541290,58.199229,57.339229,59.339229,noise,none,0.000000,-14,348.030226,-457.547834,1.960000,-459.507834
1961,56.922119,57.175753,56.315753,58.315753,informed,none,0.000000,-14,348.030226,-448.879446,1.960000,-450.839446
1962,55.879414,55.141670,54.281670,56.281670,informed,none,0.000000,-14,348.030226,-434.281566,1.960000,-436.241566
1963,54.848946,54.512018,53.652018,55.652018,noise,none,0.000000,-14,348.030226,-419.855017,1.960000,-421.815017
1964,55.128176,54.872074,54.012074,56.012074,informed,none,0.000000,-14,348.030226,-423.764238,1.960000,-425.724238
1965,55.523104,54.979857,54.119857,56.119857,noise,buy_from_mm,56.119857,-15,404.150084,-428.696479,2.250000,-430.946479
1966,55.503300,55.849661,54.999661,56.999661,informed,none,0.000000,-15,404.150084,-428.399417,2.250000,-430.649417
1967,55.624122,56.076668,55.226668,57.226668,noise,none,0.000000,-15,404.150084,-430.211743,2.250000,-432.461743
1968,56.215679,57.056618,56.206618,58.206618,informed,none,0.000000,-15,404.150084,-439.085097,2.250000,-441.335097
1969,56.141632,55.619924,54.769924,56.769924,noise,sell_to_mm,54.769924,-14,349.380160,-436.602683,1.960000,-438.562683
1970,56.201723,55.605720,54.745720,56.745720,noise,none,0.000000,-14,349.380160,-437.443957,1.960000,-439.403957
1971,55.116154,55.889605,55.029605,57.029605,noise,none,0.000000,-14,349.380160,-422.246002,1.960000,-424.206002
1972,55.180289,55.394231,54.534231,56.534231,informed,none,0.000000,-14,349.380160,-423.143885,1.960000,-425.103885
1973,55.485840,56.029553,55.169553,57.169553,informed,none,0.000000,-14,349.380160,-427.421595,1.960000,-429.381595
1974,54.901031,55.196251,54.336251,56.336251,noise,none,0.000000,-14,349.380160,-419.234268,1.960000,-421.194268
1975,55.131536,55.914304,55.054304,57.054304,noise,sell_to_mm,55.054304,-13,294.325855,-422.384115,1.690000,-424.074115
1976,53.715881,54.342615,53.472615,55.472615,informed,none,0.000000,-13,294.325855,-403.980595,1.690000,-405.670595
1977,53.880877,54.025935,53.155935,55.155935,informed,none,0.000000,-13,294.325855,-406.125540,1.690000,-407.815540
1978,54.489971,54.024231,53.154231,55.154231,noise,none,0.000000,-13,294.325855,-414.043768,1.690000,-415.733768
1979,54.247052,53.771458,52.901458,54.901458,noise,none,0.000000,-13,294.325855,-410.885820,1.690000,-412.575820
1980,54.996865,53.860167,52.990167,54.990167,noise,none,0.000000,-13,294.325855,-420.633390,1.690000,-422.323390
1981,52.620324,53.288910,52.418910,54.418910,noise,buy_from_mm,54.418910,-14,348.744765,-387.939772,1.960000,-389.899772
1982,53.569843,53.277001,52.417001,54.417001,informed,none,0.000000,-14,348.744765,-401.233033,1.960000,-403.193033
1983,53.641673,53.271259,52.411259,54.411259,noise,buy_from_mm,54.411259,-15,403.156024,-401.469075,2.250000,-403.719075
1984,53.783248,53.608960,52.758960,54.758960,informed,none,0.000000,-15,403.156024,-403.592690,2.250000,-405.842690
1985,54.914828,54.263604,53.413604,55.413604,informed,none,0.000000,-15,403.156024,-420.566394,2.250000,-422.816394
1986,57.285807,58.236357,57.386357,59.386357,noise,none,0.000000,-15,403.156024,-456.131084,2.250000,-458.381084
1987,55.106029,55.188462,54.338462,56.338462,informed,none,0.000000,-15,403.156024,-423.434415,2.250000,-425.684415
1988,53.992547,54.048684,53.198684,55.198684,informed,none,0.000000,-15,403.156024,-406.732186,2.250000,-408.982186
1989,53.890018,53.828538,52.978538,54.978538,noise,none,0.000000,-15,403.156024,-405.194252,2.250000,-407.444252
1990,53.811580,53.838606,52.988606,54.988606,noise,none,0.000000,-15,403.156024,-404.017682,2.250000,-406.267682
1991,55.708236,55.538962,54.688962,56.688962,informed,none,0.000000,-15,403.156024,-432.467515,2.250000,-434.717515
1992,55.411252,55.164494,54.314494,56.314494,noise,none,0.000000,-15,403.156024,-428.012754,2.250000,-430.262754
1993,56.658590,56.578480,55.728480,57.728480,noise,sell_to_mm,55.728480,-14,347.427544,-445.792716,1.960000,-447.752716
1994,55.690918,56.054464,55.194464,57.194464,informed,none,0.000000,-14,347.427544,-432.245313,1.960000,-434.205313
1995,56.169547,57.184928,56.324928,58.324928,informed,sell_to_mm,56.324928,-13,291.102616,-439.101489,1.690000,-440.791489
1996,56.293974,56.463284,55.593284,57.593284,informed,none,0.000000,-13,291.102616,-440.719051,1.690000,-442.409051
1997,57.495442,58.418964,57.548964,59.548964,informed,sell_to_mm,57.548964,-12,233.553652,-456.391651,1.440000,-457.831651
1998,57.389802,57.662961,56.782961,58.782961,noise,none,0.000000,-12,233.553652,-455.123969,1.440000,-456.563969
1999,57.690713,57.535819,56.655819,58.655819,noise,sell_to_mm,56.655819,-11,176.897833,-457.700010,1.210000,-458.910010
2000,58.346402,58.566970,57.676970,59.676970,noise,none,0.000000,-11,176.897833,-464.912593,1.210000,-466.122593
